1
2
3
16
26
28
29
30
32
33
47
51
54
57
59
64
66
73
78
84
85
87
118
125
126
146
147
149
150
152
158
160
161
177
180
181
187
188
189
191
198
199
200
201
217
227
235
236
237
249
254
255
265
267
273
278
279
280
286
287
288
289
292
293
298
299
300
301
302
304
305
306
307
311
312
313
317
318
322
323
326
331
334
337
338
342
343
349
352
354
355
356
358
361
362
365
366
369
370
374
377
378
379
380
381
383
384
385
386
388
390
391
392
394
395
396
399
401
402
405
406
407
409
410
411
412
414
416
417
418
419
420
421
422
423
424
429
431
432
433
435
436
438
439
442
449
450
451
462
463
467
468
482
483
484
485
487
490
492
493
494
500
507
511
515
528
530
533
539
550
559
560
562
571
572
573
575
576
577
578
579
580
581
583
584
585
586
588
590
592
612
642
645
646
647
649
651
652
653
654
655
656
658
674
680
685
692
696
697
700
702
703
704
710
711
712
713
714
716
723
725
726
731
732
733
738
747
749
750
757
759
760
761
762
766
767
776
777
778
782
784
787
789
810
811
822
824
825
826
847
852
854
855
856
858
861
862
863
865
866
868
871
881
883
884
889
892
893
911
924
926
930
931
932
940
942
943
949
960
961
970
971
972
973
975
976
981
982
986
987
988
989
992
998
1008
1009
1012
1013
1014
1015
1023
1025
1026
1028
1029
1030
1031
1032
1034
1036
1037
1038
1041
1053
1059
1064
1069
1070
1075
1080
1081
1089
1097
1098
1100
1101
1102
1104
1109
1114
1119
1122
1125
1126
1127
1130
1131
1133
1138
1139
1140
1141
1144
1145
1146
1156
1158
1159
1167
1168
1171
1172
1174
1175
1177
1179
1180
1184
1185
1187
1190
1191
1195
1196
1197
1198
1216
1219
1223
1225
1226
1228
1229
1230
1231
1235
1238
1241
1243
1251
1252
1253
1256
1257
1259
1261
1265
1267
1268
1278
1279
1280
1281
1286
1291
1299
1300
1301
1302
1304
1306
1307
1308
1309
1310
1312
1315
1316
1317
1318
1319
1320
1321
1322
1323
1324
1325
1327
1328
1329
1330
1331
1332
1337
1339
1340
1342
1343
1344
1345
1346
1347
1348
1349
1350
1351
1352
1354
1355
1356
1358
1359
1360
1361
1362
1363
1364
1365
1366
1367
1368
1371
1372
1373
1377
1378
1379
1380
1381
1382
1383
1384
1385
1387
1389
1390
1391
1392
1394
1395
1396
1397
1398
1399
1400
1401
1402
1403
1404
1405
1406
1408
1410
1411
1412
1414
1416
1417
1418
1419
1420
1421
1422
1423
1426
1427
1428
1430
1431
1433
1434
1435
1439
1441
1442
1443
1445
1446
1447
1448
1450
1451
1452
1453
1454
1455
1457
1458
1460
1461
1463
1465
1467
1468
1469
1470
1472
1473
1474
1475
1476
1479
1480
1483
1484
1485
1487
1488
1491
1492
1494
1496
1497
1498
1499
1501
1503
1504
1505
1507
1508
1510
1512
1514
1515
1517
1518
1519
1520
1521
1522
1523
1524
1525
1526
1527
1528
1529
1532
1535
1536
1538
1539
1540
1541
1542
1543
1544
1545
1546
1547
1548
1549
1550
1551
1552
1553
1554
1555
1556
1557
1562
1565
1566
1567
1568
1569
1570
1572
1573
1574
1575
1576
1577
1579
1580
1581
1584
1585
1586
1587
1588
1589
1591
1592
1595
1596
1597
1598
1599
1600
1601
1602
1603
1604
1607
1608
1609
1610
1611
1612
1616
1617
1620
1621
1622
1623
1624
1625
1626
1627
1628
1631
1632
1633
1634
1635
1636
1637
1638
1639
1640
1641
1642
1643
1644
1645
1646
1647
1649
1650
1651
1654
1655
1660
1661
1662
1663
1664
1665
1666
1667
1668
1669
1670
1671
1672
1673
1674
1675
1676
1677
1678
1679
1680
1681
1682
1683
1684
1685
1687
1688
1689
1690
1691
1692
1693
1694
1700
1701
1702
1703
1705
1706
1707
1708
1709
1710
1711
1712
1713
1714
1715
1716
1717
1720
1721
1722
1723
1724
1725
1726
1727
1728
1729
1730
1731
1732
1733
1735
1737
1738
1739
1740
1741
1743
1744
1746
1747
1748
1750
1751
1752
1753
1754
1755
1756
1757
1758
1759
1760
1762
1763
1764
1765
1766
1767
1768
1769
1771
1772
1773
1774
1775
1776
1777
1778
1779
1781
1782
1785
1786
1787
1788
1789
1790
1791
1795
1796
1797
1798
1799
1800
1801
1802
1803
1804
1805
1806
1807
1809
1810
1811
1813
1814
1815
1816
1817
1820
1823
1824
1825
1826
1827
1828
1829
1830
1831
1832
1833
1834
1838
1839
1840
1841
1842
1843
1844
1845
1848
1849
1850
1851
1853
1854
1855
1856
1857
1858
1859
1861
1864
1865
1866
1867
1868
1869
1870
1871
1872
1873
1874
1877
1878
1879
1880
1881
1882
1883
1884
1885
1886
1887
1888
1889
1890
1891
1892
1895
1896
1897
1898
1899
1900
1901
1902
1903
1904
1905
1906
1907
1908
1911
1912
1913
1914
1915
1916
1917
1918
1919
1920
1921
1922
1923
1924
1925
1926
1927
1928
1929
1930
1932
1934
1935
1936
1937
1938
1939
1940
1941
1942
1943
1944
1946
1947
1949
1950
1952
1953
1954
1955
1956
1957
1958
1960
1961
1963
1964
1965
1966
1967
1968
1969
1970
1971
1972
1973
1974
1975
1976
1977
1978
1979
1982
1983
1984
1985
1986
1987
1988
1989
1990
1991
1992
1993
1994
1999
2000
2001
2002
2003
2004
2005
2006
2007
2009
2010
2011
2012
2013
2014
2015
2019
2020
2021
2022
2023
2024
2025
2026
2027
2028
2029
2032
2033
2034
2035
2037
2039
2040
2041
2042
2043
2044
2045
2046
2048
2049
2050
2054
2055
2056
2057
2058
2060
2061
2062
2063
2064
2065
2066
2067
2068
2069
2070
2071
2072
2073
2074
2075
2076
2077
2079
2080
2081
2082
2083
2084
2085
2087
2088
2090
2091
2092
2093
2094
2095
2097
2098
2100
2101
2102
2103
2104
2105
2107
2108
2109
2110
2111
2112
2113
2114
2115
2116
2117
2118
2119
2120
2121
2122
2123
2124
2125
2126
2127
2128
2130
2133
2134
2135
2136
2137
2138
2139
2140
2143
2145
2146
2147
2148
2149
2151
2152
2154
2155
2156
2157
2158
2159
2160
2161
2162
2164
2165
2169
2170
2171
2172
2174
2175
2176
2177
2178
2182
2183
2184
2185
2186
2187
2188
2189
2190
2191
2192
2193
2194
2195
2196
2197
2198
2199
2200
2201
2204
2205
2206
2208
2209
2210
2211
2212
2213
2214
2215
2216
2217
2219
2220
2221
2222
2223
2224
2225
2226
2227
2229
2230
2231
2232
2233
2234
2235
2236
2237
2238
2240
2241
2242
2243
2246
2247
2248
2249
2250
2251
2252
2253
2256
2257
2258
2259
2260
2262
2263
2265
2266
2267
2268
2269
2270
2271
2272
2273
2274
2275
2276
2277
2279
2280
2281
2282
2284
2285
2286
2287
2288
2290
2291
2292
2293
2294
2296
2297
2298
2299
2300
2302
2303
2304
2305
2306
2307
2308
2309
2310
2311
2312
2313
2314
2315
2316
2317
2318
2319
2320
2321
2322
2323
2324
2325
2326
2327
2328
2329
2330
2331
2332
2333
2334
2335
2336
2337
2340
2341
2343
2344
2345
2346
2347
2348
2349
2350
2351
2353
2354
2355
2356
2357
2358
2359
2360
2362
2363
2364
2365
2366
2367
2369
2370
2371
2374
2375
2377
2378
2381
2382
2383
2384
2385
2386
2387
2388
2389
2390
2391
2392
2393
2394
2395
2396
2397
2398
2399
2400
2401
2404
2405
2406
2407
2408
2409
2410
2411
2412
2413
2414
2415
2417
2418
2420
2421
2424
2425
2427
2428
2429
2430
2431
2432
2433
2434
2435
2436
2437
2438
2439
2440
2441
2442
2443
2444
2445
2447
2448
2449
2450
2451
2452
2454
2455
2456
2457
2458
2459
2460
2461
2462
2463
2465
2466
2467
2468
2469
2470
2471
2472
2473
2474
2475
2476
2477
2478
2479
2480
2482
2483
2486
2487
2488
2489
2490
2491
2497
2498
2499
2500
2501
2502
2503
2505
2506
2507
2508
2509
2510
2511
2512
2513
2514
2515
2516
2517
2518
2519
2520
2521
2522
2523
2524
2525
2526
2527
2528
2529
2530
2532
2534
2535
2536
2537
2538
2539
2540
2541
2542
2543
2544
2545
2547
2548
2549
2550
2551
2553
2555
2556
2557
2558
2559
2560
2561
2562
2563
2564
2565
2566
2567
2568
2569
2570
2572
2573
2574
2575
2577
2578
2579
2581
2582
2583
2584
2585
2587
2588
2589
2590
2591
2592
2593
2594
2596
2597
2598
2599
2600
2603
2604
2605
2606
2607
2608
2610
2611
2612
2615
2616
2617
2618
2620
2621
2622
2624
2625
2627
2628
2629
2630
2631
2632
2633
2634
2635
2636
2637
2638
2639
2640
2641
2642
2643
2644
2646
2647
2648
2650
2651
2652
2653
2654
2655
2656
2657
2658
2659
2660
2663
2664
2665
2666
2667
2668
2669
2670
2671
2672
2675
2676
2677
2678
2679
2680
2681
2682
2683
2684
2685
2686
2687
2688
2689
2690
2691
2692
2693
2694
2695
2696
2697
2698
2699
2700
2701
2702
2703
2704
2705
2706
2707
2708
2709
2710
2711
2712
2713
2714
2715
2716
2717
2718
2719
2720
2721
2722
2723
2724
2725
2726
2727
2728
2730
2731
2732
2733
2734
2735
2736
2740
2744
2747
2748
2749
2750
2751
2752
2753
2754
2755
2756
2757
2758
2759
2761
2762
2763
2764
2765
2766
2767
2768
2769
2770
2771
2772
2773
2774
2775
2776
2778
2779
2780
2781
2783
2784
2785
2787
2788
2790
2791
2792
2793
2794
2796
2797
2798
2799
2800
2801
2804
2805
2806
2807
2808
2809
2810
2811
2812
2813
2814
2815
2816
2817
2818
2820
2821
2822
2823
2824
2825
2826
2827
2829
2830
2831
2832
2833
2834
2835
2836
2837
2838
2839
2840
2841
2842
2843
2844
2846
2848
2849
2850
2851
2852
2853
2854
2855
2856
2857
2858
2860
2861
2862
2864
2866
2868
2869
2870
2871
2872
2873
2875
2876
2877
2878
2879
2881
2882
2883
2884
2888
2889
2893
2894
2897
2899
2900
2901
2902
2905
2906
2907
2908
2909
2910
2912
2913
2914
2915
2916
2917
2918
2921
2922
2923
2924
2925
2926
2927
2928
2929
2931
2932
2933
2934
2935
2936
2937
2938
2939
2940
2941
2942
2943
2944
2945
2947
2948
2949
2950
2951
2952
2953
2954
2955
2956
2961
2962
2963
2965
2966
2967
2968
2969
2970
2971
2972
2973
2974
2975
2976
2978
2979
2980
2981
2982
2983
2984
2985
2986
2987
2988
2989
2990
2991
2992
2993
2994
2995
2996
2997
2998
2999
3000
3001
3002
3004
3005
3006
3007
3008
3009
3010
3011
3012
3013
3014
3015
3016
3017
3018
3019
3020
3022
3023
3024
3025
3026
3027
3029
3030
3031
3032
3033
3035
3036
3037
3038
3040
3042
3043
3044
3045
3046
3047
3048
3049
3050
3051
3052
3053
3054
3055
3056
3057
3058
3059
3061
3062
3063
3064
3065
3066
3067
3068
3069
3070
3071
3072
3073
3074
3076
3077
3078
3079
3080
3081
3082
3083
3086
3089
3090
3092
3093
3094
3095
3096
3097
3099
3100
3101
3102
3103
3104
3105
3106
3107
3108
3109
3110
3111
3112
3113
3114
3115
3116
3117
3118
3119
3120
3121
3122
3123
3124
3125
3126
3127
3128
3129
3131
3132
3133
3134
3135
3136
3137
3138
3139
3140
3141
3142
3143
3144
3145
3146
3147
3148
3149
3150
3151
3152
3153
3154
3155
3156
3157
3158
3159
3160
3161
3162
3163
3164
3165
3167
3168
3169
3173
3174
3175
3176
3177
3178
3179
3180
3181
3182
3183
3185
3189
3190
3191
3192
3193
3194
3195
3196
3197
3198
3199
3200
3201
3202
3203
3205
3206
3207
3208
3209
3210
3213
3214
3216
3217
3218
3219
3220
3223
3227
3228
3230
3236
3237
3238
3239
3240
3242
3243
3244
3245
3246
3247
3248
3249
3250
3252
3253
3254
3256
3257
3259
3260
3261
3262
3263
3264
3265
3266
3267
3268
3269
3272
3273
3274
3275
3276
3277
3278
3280
3281
3282
3283
3284
3285
3286
3287
3288
3289
3290
3291
3292
3293
3294
3295
3297
3298
3299
3300
3301
3302
3303
3304
3306
3307
3308
3311
3312
3315
3316
3317
3318
3319
3320
3321
3322
3323
3324
3325
3326
3327
3328
3329
3330
3331
3332
3333
3334
3335
3337
3338
3339
3340
3341
3342
3343
3344
3345
3346
3347
3348
3351
3352
3353
3354
3355
3356
3357
3358
3359
3360
3362
3363
3364
3365
3366
3367
3368
3369
3370
3371
3372
3373
3374
3375
3377
3378
3380
3381
3382
3383
3384
3385
3386
3387
3388
3389
3390
3391
3392
3393
3394
3395
3396
3397
3398
3399
3400
3401
3402
3404
3405
3406
3407
3408
3409
3410
3411
3412
3413
3414
3415
3416
3417
3418
3419
3420
3421
3422
3423
3424
3425
3426
3427
3429
3430
3431
3432
3434
3435
3436
3437
3438
3439
3440
3441
3442
3443
3444
3445
3446
3447
3448
3449
3450
3454
3455
3456
3457
3458
3459
3460
3461
3462
3464
3465
3466
3467
3469
3470
3471
3472
3474
3475
3476
3477
3478
3479
3482
3483
3484
3486
3487
3488
3489
3490
3491
3492
3493
3494
3495
3496
3497
3498
3499
3500
3501
3502
3503
3504
3507
3508
3509
3511
3512
3513
3514
3515
3517
3518
3519
3520
3521
3522
3523
3524
3525
3528
3529
3530
3531
3533
3534
3535
3536
3537
3538
3539
3544
3545
3546
3548
3549
3558
3560
3561
3562
3563
3564
3567
3568
3569
3570
3571
3572
3573
3574
3575
3576
3577
3579
3580
3581
3582
3583
3584
3585
3587
3588
3589
3590
3591
3592
3594
3595
3597
3598
3599
3600
3601
3602
3603
3604
3605
3606
3607
3608
3609
3611
3612
3613
3614
3615
3616
3618
3619
3620
3621
3623
3624
3625
3627
3628
3629
3630
3631
3634
3635
3636
3637
3638
3639
3640
3641
3642
3643
3644
3646
3647
3648
3649
3650
3652
3654
3655
3656
3657
3658
3659
3660
3661
3662
3663
3664
3666
3667
3668
3669
3674
3675
3676
3677
3678
3679
3680
3681
3682
3683
3684
3685
3686
3687
3688
3689
3690
3691
3692
3693
3694
3695
3696
3700
3701
3702
3703
3704
3705
3707
3708
3709
3710
3713
3714
3718
3719
3720
3721
3722
3723
3724
3730
3731
3732
3733
3735
3736
3737
3738
3741
3743
3744
3746
3747
3748
3749
3750
3751
3752
3753
3754
3756
3757
3758
3759
3760
3763
3764
3765
3766
3768
3769
3771
3772
3773
3775
3776
3777
3778
3779
3780
3781
3782
3783
3785
3787
3788
3789
3793
3794
3796
3797
3798
3802
3803
3804
3806
3808
3809
3810
3811
3812
3813
3814
3815
3816
3817
3818
3819
3820
3822
3823
3824
3825
3826
3827
3828
3829
3830
3831
3832
3833
3834
3836
3837
3838
3839
3840
3841
3842
3843
3844
3845
3849
3850
3851
3852
3853
3855
3856
3857
3859
3860
3862
3863
3864
3866
3868
3869
3870
3871
3872
3873
3877
3878
3879
3880
3886
3887
3888
3889
3890
3891
3893
3895
3896
3897
3899
3900
3902
3903
3904
3905
3906
3909
3911
3912
3913
3914
3915
3916
3917
3918
3919
3921
3922
3923
3924
3926
3928
3930
3931
3932
3934
3935
3936
3937
3938
3939
3940
3941
3942
3943
3948
3949
3953
3954
3955
3956
3959
3960
3961
3962
3963
3964
3965
3967
3968
3969
3970
3971
3972
3973
3974
3975
3977
3978
3979
3980
3982
3983
3984
3985
3986
3987
3989
3990
3991
3992
3994
3995
3996
3997
3999
4000
4001
4002
4005
4006
4008
4009
4010
4011
4012
4013
4014
4015
4016
4018
4019
4021
4022
4023
4024
4027
4028
4029
4030
4031
4033
4034
4035
4036
4038
4039
4040
4044
4045
4046
4047
4051
4052
4053
4055
4056
4057
4059
4060
4061
4064
4065
4067
4068
4069
4070
4071
4072
4073
4074
4075
4076
4077
4078
4083
4084
4085
4086
4088
4089
4090
4091
4093
4094
4097
4098
4099
4100
4101
4102
4103
4104
4105
4108
4109
4110
4111
4113
4114
4115
4117
4118
4119
4120
4121
4123
4125
4127
4129
4131
4135
4136
4137
4138
4139
4140
4141
4142
4144
4145
4149
4151
4152
4154
4155
4157
4161
4165
4169
4171
4177
4178
4180
4181
4182
4184
4185
4189
4190
4193
4194
4195
4196
4197
4198
4200
4201
4202
4204
4207
4208
4209
4210
4211
4212
4215
4216
4217
4218
4219
4220
4221
4223
4226
4227
4228
4232
4233
4234
4235
4237
4239
4240
4247
4249
4250
4251
4256
4257
4258
4259
4261
4267
4268
4270
4271
4272
4273
4275
4278
4280
4284
4285
4286
4287
4288
4289
4290
4293
4294
4301
4305
4306
4307
4310
4312
4316
4317
4318
4319
4320
4321
4322
4323
4324
4325
4326
4327
4328
4330
4335
4336
4337
4338
4340
4341
4344
4345
4346
4347
4348
4349
4357
4358
4359
4363
4365
4366
4367
4369
4376
4383
4384
4385
4386
4387
4388
4392
4397
4398
4403
4404
4405
4406
4411
4419
4420
4421
4422
4423
4424
4425
4436
4437
4439
4440
4441
4442
4445
4447
4448
4449
4455
4456
4458
4461
4462
4463
4464
4465
4466
4470
4471
4474
4476
4477
4478
4479
4481
4482
4483
4484
4485
4486
4487
4488
4489
4490
4491
4492
4493
4494
4496
4501
4502
4503
4504
4505
4506
4507
4508
4509
4510
4511
4512
4517
4518
4519
4520
4521
4525
4526
4527
4528
4529
4530
4532
4533
4534
4535
4536
4537
4541
4542
4543
4544
4547
4548
4550
4551
4552
4553
4554
4555
4558
4561
4562
4563
4564
4565
4566
4567
4568
4569
4570
4571
4572
4573
4574
4575
4577
4578
4579
4580
4581
4582
4583
4584
4585
4586
4587
4588
4589
4590
4591
4592
4593
4594
4595
4596
4597
4598
4599
4600
4601
4602
4603
4604
4606
4607
4608
4609
4610
4612
4616
4618
4619
4620
4623
4624
4629
4630
4631
4632
4634
4636
4638
4639
4640
4642
4643
4644
4648
4649
4650
4651
4652
4653
4654
4655
4656
4657
4658
4660
4661
4662
4663
4664
4665
4666
4667
4668
4669
4670
4671
4672
4673
4674
4675
4676
4678
4680
4681
4682
4683
4686
4687
4688
4689
4690
4691
4692
4693
4694
4695
4696
4697
4699
4700
4701
4702
4703
4706
4707
4708
4709
4710
4711
4712
4713
4714
4715
4716
4717
4718
4722
4723
4725
4726
4727
4728
4729
4730
4731
4732
4733
4734
4735
4736
4737
4738
4739
4740
4741
4742
4743
4744
4745
4746
4747
4748
4749
4750
4751
4752
4753
4754
4755
4756
4757
4758
4759
4760
4761
4762
4763
4764
4765
4766
4767
4768
4769
4770
4771
4772
4773
4774
4775
4776
4777
4778
4779
4780
4781
4782
4783
4784
4785
4786
4787
4788
4789
4790
4791
4792
4793
4794
4795
4796
4797
4798
4799
4800
4801
4802
4803
4804
4805
4806
4807
4808
4809
4810
4811
4812
4813
4814
4815
4816
4817
4818
4819
4820
4821
4822
4823
4824
4825
4826
4827
4828
4829
4830
4831
4832
4833
4834
4835
4836
4837
4838
4839
4840
4841
4842
4843
4844
4845
4846
4847
4848
4849
4850
4851
4852
4853
4854
4855
4856
4857
4858
4859
4860
4861
4862
4863
4864
4865
4866
4867
4868
4869
4870
4871
4872
4873
4874
4875
4876
4877
4878
4879
4880
4881
4882
4883
4884
4885
4886
4887
4888
4889
4890
4891
4892
4893
4894
4895
4896
4897
4898
4899
4900
4901
4902
4903
4904
4905
4906
4907
4908
4909
4910
4911
4912
4913
4914
4915
4916
4917
4918
4919
4920
4921
4922
4923
4924
4925
4926
4927
4928
4929
4930
4931
4932
4933
4934
4937
4938
4939
4943
4945
4951
4953
4958
4968
4969
4975
4976
4978
4982
4985
4987
4988
4990
4991
4994
4996
4999
5000
5001
5012
5015
5016
5017
5032
5034
5035
5037
5040
5041
5042
5051
5054
5055
5057
5061
5065
5069
5073
5089
5092
5144
5147
5148
5151
