5
6
18
20
27
28
45
46
47
49
70
72
73
82
83
84
85
86
87
90
99
100
102
104
106
108
118
120
122
130
132
133
147
155
172
176
177
187
188
189
191
192
194
195
200
204
209
210
211
212
214
215
216
218
220
221
222
227
229
230
237
244
245
246
250
251
254
255
256
257
262
264
265
266
271
272
274
275
283
287
289
290
291
296
299
301
304
307
308
310
312
313
329
330
331
333
335
336
337
339
341
343
357
362
363
365
366
369
370
376
377
382
390
391
405
410
413
414
415
417
418
419
420
422
424
425
426
430
431
432
434
441
442
444
445
448
451
452
458
459
462
463
464
466
477
478
479
480
481
483
484
485
487
490
491
492
496
499
510
512
513
514
516
522
524
530
534
538
540
542
543
545
549
550
551
556
564
565
575
576
578
582
584
585
595
598
620
621
623
624
641
642
648
649
650
657
658
666
670
671
673
674
675
676
680
681
682
684
691
693
694
698
700
705
706
707
712
713
716
719
721
727
729
730
736
744
746
747
748
750
752
753
757
759
765
769
770
772
779
784
787
789
795
797
800
801
810
811
818
819
822
825
826
827
828
832
834
836
837
838
841
843
844
845
846
853
855
857
858
859
860
861
862
864
865
866
870
872
875
876
877
878
884
886
888
891
894
895
897
899
900
901
902
904
907
910
911
915
917
918
919
920
921
922
923
924
926
929
931
932
935
937
938
940
944
948
952
953
955
956
957
959
960
963
965
966
967
973
975
977
981
982
984
987
990
991
993
994
996
1003
1005
1006
1007
1008
1009
1012
1013
1014
1016
1017
1018
1020
1021
1023
1026
1028
1029
1030
1032
1033
1035
1041
1042
1044
1047
1048
1052
1054
1055
1056
1060
1062
1064
1065
1067
1070
1071
1073
1074
1075
1078
1079
1080
1084
1089
1092
1093
1099
1102
1105
1106
1110
1113
1115
1116
1117
1118
1119
1121
1122
1124
1125
1129
1130
1132
1133
1134
1135
1136
1137
1141
1142
1145
1146
1148
1151
1154
1156
1157
1158
1161
1164
1165
1166
1167
1168
1170
1172
1178
1181
1182
1187
1188
1189
1191
1193
1194
1195
1196
1197
1198
1200
1201
1202
1203
1205
1206
1207
1210
1211
1212
1213
1214
1217
1218
1219
1220
1221
1222
1223
1224
1225
1226
1230
1231
1237
1238
1240
1241
1242
1243
1244
1246
1247
1248
1249
1250
1251
1252
1254
1258
1259
1260
1261
1262
1263
1264
1265
1266
1267
1268
1269
1270
1271
1272
1273
1274
1280
1281
1282
1284
1285
1286
1287
1288
1289
1290
1291
1294
1295
1296
1299
1300
1307
1308
1312
1314
1315
1316
1317
1318
1319
1320
1321
1322
1323
1324
1325
1326
1327
1328
1331
1332
1333
1334
1336
1339
1342
1343
1345
1349
1351
1352
1353
1355
1356
1357
1359
1360
1361
1364
1365
1368
1371
1372
1374
1375
1377
1378
1379
1380
1381
1386
1387
1389
1390
1391
1392
1393
1394
1395
1396
1399
1400
1404
1405
1406
1409
1410
1411
1413
1414
1415
1418
1419
1420
1421
1425
1426
1428
1430
1431
1432
1436
1437
1438
1439
1440
1443
1445
1446
1447
1450
1451
1456
1457
1458
1459
1460
1461
1462
1463
1464
1465
1469
1471
1472
1480
1483
1484
1485
1486
1494
1498
1500
1502
1507
1508
1509
1512
1513
1514
1515
1516
1517
1518
1529
1531
1532
1534
1535
1536
1537
1545
1546
1550
1564
1565
1566
1567
1568
1580
1583
1584
1586
1587
1589
1592
1593
1597
1598
1601
1602
1603
1604
1605
1607
1608
1609
1611
1613
1614
1616
1619
1625
1627
1628
1630
1631
1636
1638
1640
1641
1645
1647
1648
1649
1650
1654
1656
1660
1664
1665
1667
1670
1671
1673
1674
1675
1676
1677
1682
1683
1687
1688
1689
1690
1698
1699
1700
1701
1702
1703
1704
1705
1706
1707
1708
1709
1710
1711
1712
1713
1715
1716
1717
1718
1719
1720
1721
1724
1725
1726
1727
1728
1729
1732
1734
1736
1739
1740
1741
1742
1744
1747
1748
1749
1750
1755
1756
1757
1758
1759
1760
1761
1765
1766
1768
1769
1770
1771
1772
1773
1774
1775
1777
1781
1782
1783
1784
1787
1788
1789
1790
1791
1793
1795
1796
1797
1802
1803
1804
1805
1806
1811
1812
1813
1815
1816
1817
1825
1826
1827
1828
1829
1830
1831
1832
1833
1834
1839
1841
1845
1856
1862
1863
1864
1865
1866
1867
1868
1869
1870
1871
1872
1875
1876
1877
1878
1879
1881
1882
1883
1884
1892
1894
1895
1896
1914
1915
1916
1920
1921
1922
1923
1929
1930
1931
1932
1936
1937
1944
1945
1946
1957
1958
1959
1968
1980
2005
2007
2008
2009
2010
2011
2018
2024
2025
2026
2027
2030
2031
2032
2034
2035
2036
2037
2038
2043
2044
2046
2054
2056
2058
2060
2061
2062
2068
2069
2072
2073
2075
2078
2097
2098
2099
2106
2107
2108
2109
2110
2111
2112
2113
2114
2116
2117
2118
2121
2122
2123
2124
2125
2126
2130
2133
2137
2140
2142
2145
2147
2151
2152
2164
2167
2169
2170
2174
2175
2184
2187
2188
2190
2195
2208
2211
2214
2215
2216
2217
2233
2234
2235
2236
2237
2238
2239
2248
2249
2254
2255
2256
2257
2258
2259
2262
2263
2264
2279
2280
2281
2285
2286
2287
2293
2294
2295
2301
2303
2311
2312
2313
2314
2315
2316
2317
2318
2321
2328
2329
2332
2333
2334
2335
2337
2338
2339
2340
2341
2342
2348
2349
2350
2351
2359
2361
2362
2363
2364
2367
2368
2372
2373
2374
2375
2377
2379
2380
2382
2383
2395
2396
2397
2406
2407
2408
2409
2410
2413
2422
2423
2424
2425
2428
2433
2436
2437
2455
2456
2457
2458
2468
2469
2470
2471
2472
2476
2479
2480
2482
2483
2484
2485
2486
2488
2489
2490
2491
2492
2494
2495
2496
2497
2498
2499
2500
2501
2502
2513
2514
2515
2520
2521
2522
2523
2539
2544
2546
2547
2557
2561
2562
2564
2565
2566
2567
2569
2570
2571
2574
2575
2576
2577
2578
2579
2580
2581
2582
2583
2584
2587
2588
2589
2590
2592
2599
2600
2606
2620
2621
2624
2628
2629
2630
2632
2633
2634
2635
2636
2640
2648
2650
2657
2658
2659
2665
2666
2670
2674
2675
2676
2687
2688
2691
2696
2698
2700
2707
2709
2712
2713
2717
2718
2731
2733
2735
2736
2737
2738
2739
2740
2749
2751
2752
2753
2755
2759
2760
2761
2762
2767
2768
2775
2776
2779
2791
2792
2794
2806
2817
2821
2822
2825
2827
2828
2838
2839
2840
2850
2851
2859
2860
2861
2862
2870
2871
2872
2873
2874
2885
2886
2888
2893
2899
2900
2901
2902
2903
2904
2905
2914
2922
2923
2929
2931
2934
2937
2938
2942
2946
2947
2948
2949
2950
2952
2953
2954
2960
2962
2963
2964
2967
2969
2976
2977
2987
3007
3013
3015
3017
3020
3021
3022
3023
3024
3025
3026
3031
3032
3037
3038
3039
3043
3044
3045
3046
3047
3048
3050
3055
3056
3057
3058
3059
3060
3061
3062
3065
3071
3072
3073
3074
3076
3077
3078
3079
3080
3082
3083
3084
3085
3086
3087
3088
3099
3100
3104
3105
3106
3107
3110
3111
3112
3113
3114
3115
3121
3122
3123
3124
3125
3126
3127
3128
3129
3130
3131
3132
3133
3134
3136
3137
3139
3142
3143
3144
3145
3148
3149
3150
3151
3155
3156
3157
3158
3159
3163
3164
3165
3169
3170
3171
3177
3180
3181
3184
3185
3186
3187
3188
3192
3195
3196
3197
3198
3200
3201
3202
3203
3204
3205
3208
3209
3210
3214
3215
3216
3217
3218
3219
3220
3221
3230
3241
3242
3243
3245
3247
3248
3249
3250
3251
3252
3253
3254
3255
3260
3263
3264
3265
3267
3268
3269
3271
3272
3275
3276
3277
3278
3279
3289
3290
3291
3292
3293
3294
3295
3311
3312
3313
3314
3330
3331
3333
3334
3336
3340
3344
3345
3346
3348
3352
3353
3354
3355
3356
3359
3360
3361
3362
3364
3377
3387
3388
3390
3393
3394
3396
3397
3398
3400
3401
3402
3403
3404
3409
3410
3412
3419
3420
3422
3423
3424
3425
3428
3432
3434
3435
3436
3437
3438
3439
3441
3444
3445
3447
3448
3450
3452
3464
3466
3473
3474
3475
3476
3477
3478
3479
3486
3487
3488
3497
3500
3502
3507
3514
3515
3516
3519
3520
3521
3522
3523
3524
3529
3530
3531
3532
3535
3538
3544
3545
3546
3547
3548
3549
3550
3551
3553
3556
3557
3558
3559
3561
3562
3569
3570
3571
3572
3574
3576
3598
3606
3610
3611
3612
3613
3614
3621
3622
3623
3624
3625
3626
3627
3628
3629
3633
3638
3639
3640
3643
3648
3654
3659
3660
3661
3663
3664
3665
3669
3670
3671
3672
3673
3674
3676
3681
3685
3687
3693
3694
3695
3700
3701
3704
3705
3706
3707
3708
3709
3710
3711
3712
3715
3720
3721
3722
3728
3729
3730
3731
3732
3733
3734
3735
3737
3741
3742
3748
3749
3750
3752
3753
3754
3755
3757
3758
3762
3763
3764
3766
3767
3768
3770
3772
3773
3774
3776
3778
3780
3781
3782
3783
3786
3787
3788
3789
3790
3791
3792
3794
3799
3800
3801
3802
3803
3804
3805
3814
3815
3817
3818
3819
3821
3822
3826
3827
3828
3829
3830
3831
3833
3837
3839
3843
3844
3846
3847
3848
3849
3853
3854
3856
3859
3860
3861
3862
3863
3864
3865
3866
3868
3869
3870
3871
3872
3873
3874
3875
3876
3877
3878
3879
3883
3884
3885
3886
3887
3888
3889
3890
3892
3893
3895
3899
3900
3901
3902
3903
3904
3905
3906
3907
3908
3909
3910
3912
3913
3914
3915
3916
3917
3918
3920
3924
3925
3926
3927
3928
3929
3930
3931
3933
3934
3935
3937
3938
3939
3940
3941
3942
3943
3944
3945
3946
3947
3948
3949
3950
3951
3952
3953
3954
3955
3962
3963
3964
3965
3966
3967
3968
3971
3972
3973
3974
3975
3976
3977
3978
3979
3980
3981
3982
3983
3984
3985
3986
3990
3991
3998
3999
4000
4001
4002
4003
4004
4005
4010
4011
4012
4013
4017
4018
4019
4020
4021
4022
4024
4025
4029
4030
4031
4032
4040
4041
4042
4043
4044
4045
4046
4050
4051
4052
4053
4054
4055
4056
4057
4058
4061
4062
4063
4064
4065
4066
4067
4068
4070
4072
4073
4074
4075
4077
4078
4079
4085
4086
4087
4088
4089
4090
4091
4092
4093
4094
4095
4096
4097
4098
4104
4106
4107
4108
4109
4110
4111
4112
4114
4115
4117
4118
4119
4120
4121
4123
4124
4125
4126
4127
4128
4129
4131
4132
4134
4135
4136
4137
4138
4140
4141
4142
4143
4144
4145
4146
4147
4149
4151
4156
4157
4158
4162
4163
4167
4168
4169
4172
4173
4177
4179
4180
4193
4194
4198
4201
4202
4206
4207
4208
4210
4211
4212
4213
4214
4221
4224
4226
4227
4228
4229
4230
4236
4237
4238
4239
4246
4247
4253
4254
4259
4267
4277
4278
4283
4284
4285
4288
4289
4290
4291
4296
4298
4299
4300
4303
4306
4307
4308
4309
4313
4314
4315
4316
4320
4327
4328
4330
4331
4332
4335
4336
4337
4341
4342
4344
4345
4347
4357
4365
4366
4367
4368
4374
4376
4378
4381
4383
4384
4389
4390
4391
4393
4394
4401
4412
4416
4417
4418
4419
4422
4423
4424
4431
4442
4443
4451
4452
4456
4457
4458
4459
4470
4475
4476
4477
4481
4482
4485
4486
4487
4489
4492
4493
4498
4499
4506
4512
4513
4514
4519
4529
4530
4561
4571
4573
4574
4575
4576
4588
4593
4594
4601
4604
4606
4610
4611
4612
4629
4637
4638
4639
4640
4641
4644
4646
4648
4650
4651
4653
4655
4658
4659
4660
4661
4664
4667
4669
4670
4672
4673
4675
4677
4678
4679
4680
4682
4683
4684
4699
4710
4711
4712
4724
4727
4732
4739
4740
4749
4758
4760
4772
