0
2
3
4
5
7
9
10
13
15
16
19
22
24
34
37
38
42
53
55
56
59
61
65
69
75
77
78
80
88
90
92
93
94
97
101
103
104
106
108
109
111
112
114
116
117
118
123
124
127
128
129
130
132
134
135
137
138
139
143
144
147
148
149
150
154
155
156
157
158
159
160
161
162
163
164
167
173
174
176
177
178
179
181
182
183
185
186
187
188
192
195
196
200
204
205
206
207
210
211
212
213
214
215
216
218
221
224
225
228
229
235
236
241
242
243
244
245
246
248
250
251
252
253
254
256
257
258
264
265
267
268
269
271
272
273
274
275
278
279
280
281
282
283
284
285
286
288
291
293
296
297
298
302
303
304
305
306
307
308
313
314
315
316
318
319
320
321
324
325
326
327
330
332
333
334
335
336
340
341
342
343
344
345
346
347
351
353
354
355
356
357
358
359
360
361
362
364
365
366
367
368
369
370
371
372
373
374
375
376
377
378
379
380
381
382
383
384
385
386
387
388
390
393
394
395
397
398
399
400
401
403
404
406
407
408
409
411
412
413
414
415
416
417
418
419
420
421
422
423
424
425
426
427
428
429
430
431
432
433
434
435
436
437
438
439
440
441
442
443
444
445
446
447
448
449
450
451
452
453
454
455
456
457
458
459
460
461
462
463
464
465
466
467
468
469
470
471
473
474
475
476
477
478
479
480
481
482
483
484
485
486
487
488
489
490
491
492
493
494
495
496
497
498
499
500
501
502
503
504
505
507
508
509
511
512
513
514
516
517
519
520
521
522
523
524
525
526
527
528
531
534
535
536
537
538
539
541
542
543
544
545
546
547
548
549
550
551
552
553
554
555
556
557
559
560
561
562
563
564
565
566
568
569
570
572
573
574
575
576
577
578
580
581
582
586
587
589
590
591
592
593
594
595
596
597
598
600
601
602
603
604
605
606
610
611
612
613
614
615
616
617
618
619
620
621
622
623
624
625
626
627
628
629
630
631
632
633
634
635
636
637
638
639
640
641
643
644
645
646
647
648
649
650
651
652
653
654
655
657
658
659
660
661
662
663
664
665
666
667
668
670
671
675
676
678
679
680
681
683
684
685
686
687
694
695
696
697
698
702
703
704
705
706
707
708
709
710
711
712
713
714
715
716
717
718
719
720
721
722
723
724
725
726
727
728
729
734
735
737
738
739
740
741
742
743
744
745
746
747
748
749
750
751
752
753
754
755
756
757
758
759
760
761
763
764
765
766
767
768
770
771
772
773
774
776
779
780
781
782
783
784
785
786
787
788
789
790
791
792
793
794
795
796
797
798
799
800
801
802
803
804
805
807
809
811
813
815
816
818
819
820
821
823
824
825
831
832
833
834
835
836
837
838
839
840
841
842
843
844
845
846
847
848
849
850
851
852
853
854
855
856
857
862
863
865
866
867
868
870
871
872
873
874
875
876
877
878
879
880
881
882
883
884
887
888
889
891
893
898
902
904
905
906
907
908
909
910
913
914
919
920
921
922
923
924
925
926
927
928
929
930
931
932
933
934
935
936
938
939
940
941
942
945
946
947
948
949
950
952
954
955
957
958
960
961
962
963
964
965
966
967
968
969
970
971
972
973
974
975
976
977
978
979
980
981
982
983
984
985
986
987
988
989
990
991
992
993
994
995
996
997
998
999
1000
1001
1002
1003
1004
1005
1006
1007
1009
1010
1011
1012
1013
1014
1015
1016
1017
1019
1020
1021
1022
1023
1024
1025
1026
1027
1028
1029
1030
1031
1032
1033
1034
1035
1036
1037
1038
1039
1040
1041
1042
1043
1044
1045
1046
1047
1048
1049
1050
1051
1052
1053
1054
1058
1059
1060
1061
1062
1063
1064
1065
1066
1067
1068
1069
1070
1071
1072
1073
1074
1075
1076
1077
1078
1079
1080
1081
1082
1083
1084
1085
1086
1087
1088
1089
1090
1091
1092
1093
1094
1095
1103
1105
1106
1108
1111
1112
1113
1114
1115
1116
1117
1118
1119
1120
1121
1122
1123
1124
1125
1126
1127
1128
1129
1130
1132
1138
1141
1142
1143
1144
1145
1146
1147
1148
1149
1150
1151
1152
1155
1156
1158
1159
1161
1162
1163
1164
1165
1166
1167
1168
1169
1170
1171
1172
1173
1176
1177
1178
1179
1180
1181
1182
1183
1184
1186
1187
1188
1189
1190
1191
1192
1193
1194
1195
1196
1197
1198
1199
1200
1201
1202
1203
1204
1205
1206
1208
1209
1210
1211
1213
1214
1215
1217
1218
1219
1220
1222
1223
1224
1225
1226
1227
1228
1229
1230
1231
1232
1233
1234
1235
1236
1237
1238
1239
1240
1241
1242
1243
1244
1245
1246
1247
1248
1249
1250
1251
1252
1253
1254
1256
1257
1258
1259
1260
1261
1262
1263
1264
1265
1266
1267
1269
1270
1271
1272
1273
1274
1275
1276
1279
1280
1281
1282
1283
1284
1285
1287
1288
1289
1290
1291
1292
1293
1295
1296
1297
1298
1299
1300
1301
1302
1303
1306
1307
1308
1309
1310
1314
1319
1323
1324
1327
1328
1329
1330
1331
1332
1333
1334
1335
1336
1337
1340
1342
1348
1349
1355
1356
1358
1359
1360
1361
1362
1363
1364
1365
1366
1367
1369
1374
1375
1376
1377
1379
1380
1381
1382
1383
1384
1385
1386
1387
1388
1389
1390
1391
1392
1393
1394
1395
1396
1397
1401
1402
1404
1405
1406
1407
1408
1409
1410
1411
1413
1414
1415
1416
1417
1418
1419
1421
1422
1425
1426
1430
1431
1432
1433
1434
1435
1437
1438
1439
1440
1441
1442
1443
1444
1445
1446
1447
1448
1449
1450
1451
1453
1454
1455
1456
1457
1458
1459
1460
1461
1462
1463
1464
1465
1466
1467
1468
1469
1470
1471
1472
1473
1474
1475
1476
1479
1480
1481
1482
1483
1484
1485
1486
1487
1488
1489
1490
1491
1492
1493
1494
1495
1496
1497
1498
1499
1500
1501
1503
1504
1505
1506
1507
1508
1509
1510
1511
1513
1514
1515
1516
1517
1518
1519
1520
1522
1523
1524
1525
1533
1536
1542
1543
1544
1545
1546
1548
1552
1554
1557
1558
1567
1568
1571
1572
1574
1575
1576
1577
1578
1580
1584
1585
1586
1587
1588
1589
1590
1591
1592
1597
1598
1599
1602
1603
1604
1605
1606
1607
1613
1616
1617
1618
1623
1626
1630
1631
1632
1638
1641
1645
1646
1647
1648
1649
1650
1653
1661
1664
1665
1666
1675
1678
1679
1681
1682
1688
1690
1691
1693
1696
1697
1698
1702
1704
1705
1708
1709
1713
1715
1716
1726
1729
1730
1733
1737
1738
1740
1743
1744
1745
1746
1749
1751
1752
1753
1754
1755
1756
1757
1758
1759
1760
1761
1766
1770
1773
1775
1777
1778
1779
1780
1781
1783
1784
1785
1786
1788
1791
1792
1795
1796
1797
1800
1801
1805
1807
1810
1814
1817
1818
1819
1825
1837
1839
1841
1842
1843
1846
1847
1848
1853
1854
1855
1857
1859
1863
1864
1867
1868
1869
1879
1880
1881
1889
1893
1894
1895
1896
1897
1898
1899
1900
1901
1902
1903
1907
1912
1919
1927
1928
1929
1939
1944
1947
1953
1954
1964
1971
1973
1974
1976
1977
1978
1979
1981
1982
1983
1984
1985
1986
1987
1988
1989
1990
1991
1992
1993
1994
1995
1996
1997
1998
2000
2001
2002
2003
2004
2005
2008
2009
2010
2012
2014
2016
2017
2019
2020
2021
2022
2024
2025
2026
2027
2028
2029
2030
2031
2032
2033
2034
2035
2036
2037
2038
2039
2040
2041
2042
2043
2044
2045
2046
2047
2048
2049
2050
2051
2052
2053
2054
2055
2056
2057
2058
2059
2060
2061
2062
2063
2064
2065
2066
2067
2068
2069
2070
2071
2072
2073
2074
2075
2076
2077
2078
2079
2080
2081
2082
2083
2084
2085
2086
2087
2088
2089
2090
2093
2102
2104
2106
2109
2111
2113
2115
2121
2125
2127
2143
2147
2149
2158
2172
2181
