1
3
4
26
27
28
39
41
42
47
52
55
57
66
67
68
83
84
85
87
88
89
99
100
101
106
107
109
112
113
122
123
124
128
131
132
133
137
138
139
151
153
172
173
174
176
177
179
180
182
184
185
200
221
249
258
261
274
281
283
284
295
296
297
336
337
343
344
355
357
358
367
368
369
395
396
397
411
412
415
417
418
429
430
438
439
440
441
463
469
470
471
478
479
480
493
501
502
503
507
521
522
525
545
547
549
557
558
559
562
563
568
570
571
572
574
575
580
581
613
614
615
621
622
623
626
632
633
634
637
638
639
655
656
667
668
669
670
671
672
705
706
708
709
710
711
717
733
735
752
753
754
757
776
777
779
780
781
782
783
784
787
800
818
820
825
835
837
838
839
857
858
862
863
868
875
876
877
879
880
881
882
886
908
909
910
921
923
924
935
939
961
962
963
980
991
1001
1005
1006
1041
1042
1045
1048
1057
1058
1060
1071
1072
1085
1086
1091
1092
1093
1103
1111
1113
1114
1135
1136
1147
1149
1151
1153
1155
1156
1161
1162
1164
1165
1170
1171
1172
1196
1197
1198
1201
1202
1203
1204
1212
1214
1215
1216
1217
1222
1224
1225
1228
1230
1239
1240
1241
1247
1248
1251
1253
1254
1255
1257
1292
1293
1294
1298
1299
1301
1302
1308
1309
1322
1323
1324
1325
1327
1328
1329
1344
1352
1353
1362
1363
1364
1367
1368
1369
1370
1373
1374
1375
1385
1388
1389
1390
1393
1394
1395
1418
1419
1421
1422
1426
1427
1428
1431
1432
1438
1444
1445
1446
1448
1452
1453
1454
1455
1456
1459
1460
1465
1466
1488
1489
1490
1505
1508
1509
1510
1515
1517
1520
1526
1530
1542
1543
1544
1546
1547
1549
1550
1552
1554
1555
1566
1568
1569
1570
1571
1573
1574
1580
1581
1582
1583
1584
1588
1592
1594
1595
1596
1608
1609
1610
1612
1613
1616
1619
1623
1625
1626
1627
1629
1636
1642
1643
1653
1655
1656
1671
1672
1673
1674
1676
1678
1679
1683
1684
1688
1690
1692
1694
1695
1696
1707
1715
1718
1719
1721
1724
1729
1739
1748
1749
1750
1780
1782
1783
1788
1798
1800
1802
1804
1814
1815
1823
1824
1829
1843
1844
1845
1867
1868
1871
1873
1874
1875
1877
1878
1895
1896
1909
1910
1911
1915
1916
1917
1930
1931
1932
1933
1941
1942
1943
1945
1948
1965
1974
1975
1978
1980
1981
1987
1989
1993
2017
2019
2020
2021
2022
2026
2032
2035
2048
2049
2052
2055
2056
2060
2062
2063
2064
2066
2068
2070
2084
2085
2086
2091
2092
2094
2096
2097
2098
2099
2101
2111
2122
2123
2125
2131
2141
2144
2145
2147
2149
2150
2152
2153
2155
2157
2158
2160
2161
2163
2165
2166
2167
2168
2170
2171
2172
2173
2184
2189
2190
2194
2195
2197
2199
2200
2202
2205
2209
2210
2211
2221
2222
2224
2225
2226
2228
2229
2232
2233
2234
2235
2236
2239
2244
2247
2248
2252
2256
2258
2259
2260
2262
2263
2265
2268
2295
2296
2302
2304
2305
2317
2318
2319
2335
2337
2338
2339
2343
2345
2346
2350
2351
2352
2354
2355
2381
2390
2392
2398
2401
2402
2406
2408
2423
2426
2438
2439
2440
2442
2443
2448
2449
2451
2453
2463
2464
2466
2467
2470
2471
2472
2474
2475
2478
2482
2483
2484
2488
2489
2494
2495
2496
2497
2506
2511
2513
2514
2516
2522
2523
2524
2527
2531
2532
2534
2535
2546
2548
2551
2554
2555
2558
2560
2568
2571
2572
2573
2575
2577
2578
2579
2588
2590
2591
2594
2595
2600
2601
2602
2604
2605
2606
2616
2617
2618
2629
2630
2641
2644
2645
2646
2650
2651
2656
2658
2659
2660
2662
2664
2665
2681
2683
2691
2693
2695
2696
2698
2700
2704
2705
2706
2707
2711
2715
2720
2722
2730
2732
2736
2745
2747
2748
2751
2752
2753
2768
2769
2770
2785
2786
2792
2795
2796
2797
2799
2801
2803
2804
2807
2811
2812
2815
2816
2818
2820
2821
2837
2839
2840
2841
2845
2846
2849
2852
2856
2864
2865
2878
2889
2893
2894
2902
2903
2904
2909
2911
2934
2955
2956
2957
2959
2960
2962
2968
2976
2978
2981
2984
2985
2997
2998
2999
3000
3009
3013
3014
3017
3020
3023
3025
3027
3028
3030
3032
3036
3037
3039
3040
3043
3045
3046
3056
3057
3058
3059
3060
3062
3067
3069
3071
3074
3078
3083
3084
3102
3103
3109
3110
3111
3112
3114
3117
3118
3121
3122
3125
3126
3129
3131
3135
3136
3137
3144
3145
3146
3154
3156
3157
3163
3165
3172
3173
3176
3178
3179
3188
3190
3201
3204
3209
3210
3211
3224
3226
3228
3229
3231
3233
3234
3241
3242
3243
3251
3256
3259
3262
3263
3273
3274
3277
3278
3279
3285
3290
3292
3293
3295
3310
3312
3315
3317
3319
3321
3322
3323
3331
3346
3351
3352
3354
3376
3387
3397
3406
3408
3411
3421
3438
3439
3440
3444
3445
3450
3456
3457
3468
3478
3482
3484
3485
3494
3495
3503
3513
3514
3515
3518
3519
3520
3522
3528
3530
3537
3538
3545
3552
3557
3558
3559
3564
3566
3568
3577
3578
3579
3591
3592
3596
3597
3599
3601
3602
3604
3615
3623
3628
3629
3630
3633
3635
3639
3641
3646
3649
3651
3654
3656
3657
3660
3661
3669
3670
3672
3673
3679
3680
3684
3685
3703
3704
3708
3709
3710
3712
3715
3718
3725
3729
3730
3731
3732
3755
3759
3760
3762
3765
3768
3769
3771
3773
3775
3776
3778
3785
3787
3789
3790
3798
3801
3803
3804
3806
3807
3808
3809
3812
3813
3817
3819
3820
3822
3824
3825
3830
3831
3832
3833
3835
3838
3844
3846
3847
3850
3868
3870
3871
3872
3873
3876
3884
3885
3886
3899
3901
3902
3903
3904
3907
3916
3917
3922
3923
3932
3939
3952
3953
3956
3958
3959
3963
3965
3973
3974
3975
3976
3977
3986
3987
3990
3993
3998
4000
4016
4017
4018
4019
4024
4026
4028
4029
4030
4033
4036
4037
4039
4040
4042
4043
4045
4051
4057
4060
4066
4067
4068
4072
4075
4076
4077
4078
4080
4081
4087
4090
4096
4100
4106
4110
4113
4120
4123
4133
4134
4140
4141
4144
4146
4151
4152
4154
4167
4168
4171
4176
4178
4182
4183
4187
4188
4189
4199
4200
4202
4203
4204
4205
4213
4214
4215
4217
4221
4222
4224
4226
4227
4235
4237
4241
4243
4246
4247
4250
4251
4252
4253
4258
4264
4267
4269
4276
4284
4286
4287
4288
4290
4291
4294
4302
4303
4305
4307
4311
4318
4320
4323
4324
4326
4335
4339
4344
4345
4347
4351
4355
4357
4363
4365
4375
4376
4385
4387
4389
4392
4396
4397
4400
4401
4402
4404
4409
4410
4411
4415
4417
4424
4426
4427
4430
4433
4435
4440
4442
4443
4446
4448
4454
4456
4458
4465
4475
4476
4477
4478
4488
4494
4495
4496
4498
4504
4505
4507
4508
4511
4520
4524
4526
4527
4530
4531
4532
4533
4535
4536
4540
4541
4542
4543
4545
4548
4549
4550
4553
4557
4560
4563
4566
4567
4577
4580
4581
4582
4585
4588
4589
4595
4596
4597
4604
4612
4614
4616
4621
4622
4625
4632
4633
4637
4640
4641
4651
4652
4653
4654
4655
4656
4664
4669
4670
4673
4675
4676
4679
4684
4685
4686
4688
4689
4693
4694
4699
4702
4704
4706
4707
4708
4711
4712
4713
4715
4716
4721
4723
4724
4728
4731
4732
4733
4741
4744
4746
4749
4751
4752
4753
4755
4756
4757
4760
4761
4763
4768
4769
4780
4785
4787
4788
4791
4793
4795
4796
4798
4801
4802
4803
4807
4815
4816
4821
4823
4825
4828
4829
4831
4832
4834
4835
4837
4840
4842
4843
4848
4852
4854
4856
4858
4864
4865
4870
4871
4873
4878
4879
4880
4885
4886
4891
4892
4895
4901
4902
4904
4906
4908
4912
4914
4920
4922
4925
4927
4931
4933
4936
4940
4941
4949
4950
4951
4953
4955
4957
4960
4963
4964
4965
4969
4970
4974
4975
4978
4984
4986
4987
4988
4990
4991
4993
4994
4996
4997
4998
5000
5008
5010
5011
5016
5017
5026
5028
5033
5035
5041
5053
5061
5062
5066
5067
5070
5077
5078
5080
5084
5092
5094
5099
5105
5107
5108
5112
5115
5122
5126
5127
5128
5129
5136
5139
5141
5143
5144
5146
5147
5149
5152
5157
5159
5160
5161
5162
5163
5164
5165
5168
5170
5171
5172
5174
5175
5178
5180
5181
5182
5184
5185
5186
5189
5190
5192
5193
5195
5196
5200
5201
5203
5204
5206
5207
5208
5209
5210
5213
5217
5218
5219
5221
5222
5226
5227
5228
5230
5232
5233
5237
5239
5240
5241
5242
5249
5252
5254
5255
5256
5258
5259
5262
5263
5266
5271
5272
5273
5274
5278
5279
5280
5281
5282
5284
5287
5289
5290
5293
5294
5296
5299
5300
5303
5304
5305
5306
5308
5309
5311
5312
5314
5319
5320
5321
5327
5328
5330
5331
5333
5334
5335
5336
5337
5340
5342
5343
5345
5346
5347
5348
5352
5353
5355
5356
5359
5362
5363
5364
5365
5366
5368
5370
5371
5372
5373
5374
5376
5377
5380
5381
5382
5383
5385
5388
5389
5393
5395
5396
5397
5398
5399
5403
5404
5405
5406
5411
5412
5416
5418
5419
5421
5422
5423
5427
5428
5429
5433
5434
5436
5437
5438
5439
5440
5445
5446
5448
5449
5450
5452
5456
5458
5460
5461
5463
5465
5466
5470
5471
5473
5475
5476
5477
5480
5482
5483
5484
5486
5488
5489
5490
5492
5493
5494
5499
5500
5501
5502
5504
5507
5508
5509
5512
5513
5515
5518
5519
5520
5522
5523
5528
5529
5530
5534
5535
5536
5537
5540
5541
5543
5544
5545
5546
5547
5549
5550
5551
5553
5555
5556
5557
5560
5561
5564
5565
5567
5568
5569
5571
5572
5574
5575
5577
5578
5579
5580
5583
5584
5587
5588
5589
5590
5594
5595
5596
5597
5598
5600
5601
5602
5605
5606
5607
5609
5611
5612
5613
5616
5619
5620
5622
5623
5624
5627
5628
5630
5632
5633
5636
5637
5639
5640
5641
5643
5645
5648
5650
5652
5653
5656
5657
5660
5662
5663
5664
5666
5667
5669
5670
5673
5674
5675
5677
5678
5679
5680
5681
5684
5685
5687
5688
5691
5693
5694
5696
5700
5701
5703
5705
5707
5708
5710
5711
5713
5714
5715
5716
5720
5721
5722
5724
5725
5728
5729
5731
5732
5733
5735
5737
5738
5739
5742
5743
5744
5746
5748
5749
5750
5751
5753
5754
5756
5757
5759
5762
5763
5765
5766
5768
5770
5771
5773
5774
5775
5777
5778
5780
5781
5785
5786
5787
5788
5791
5792
5793
5797
5798
5800
5801
5803
5805
5806
5807
5808
5810
5811
5813
5816
5819
5821
5822
5826
5827
5828
5830
5831
5833
5834
5837
5838
5840
5841
5843
5844
5845
5846
5847
5850
5852
5854
5855
5857
5863
5864
5870
5871
5872
5875
5876
5877
5878
5879
5880
5881
5882
5883
5885
5886
5888
5889
5895
5896
5897
5899
5900
5909
5910
5911
5912
5913
5914
5917
5918
5919
5920
5921
5922
5923
5924
5925
5928
5930
5931
5937
5938
5942
5943
5944
5945
5946
5947
5948
5949
5950
5951
5953
5954
5955
5956
5957
5958
5959
5965
5966
5971
5972
5973
5975
5976
5977
5979
5980
5981
5987
5988
5997
5999
6005
6010
6012
6013
6015
6016
6017
6019
6023
6024
6025
6026
6027
6028
6029
6030
6033
6035
6036
6037
6040
6041
6042
6052
6053
6054
6055
6059
6060
6061
6062
6063
6071
6072
6075
6079
6080
6084
6085
6086
6087
6088
6089
6090
6091
6092
6093
6094
6095
6096
6097
6099
6100
6102
6103
6105
6106
6107
6108
6109
6111
6112
6115
6116
6118
6120
6123
6125
6126
6133
6134
6135
6136
6137
6138
6139
6140
6142
6143
6145
6146
6147
6148
6149
6150
6154
6157
6159
6162
6163
6165
6167
6168
6169
6170
6171
6172
6173
6175
6176
6177
6179
6182
6186
6188
6189
6190
6192
6193
6194
6195
6196
6197
6204
6205
6207
6208
6209
6210
6214
6215
6224
6225
6226
6227
6228
6229
6230
6231
6232
6233
6236
6237
6239
6242
6243
6244
6246
6247
6249
6250
6251
6252
6254
6255
6256
6257
6258
6260
6261
6262
6264
6265
6266
6271
6272
6273
6276
6280
6281
6282
6283
6284
6285
6286
6290
6292
6294
6296
6297
6298
6300
6304
6305
6306
6307
6309
6310
6312
6313
6316
6319
6320
6322
6323
6324
6325
6328
6330
6331
6332
6335
6336
6337
6338
6340
6341
6342
6343
6344
6347
6348
6355
6356
6358
6364
6365
6366
6369
6372
6373
6375
6376
6377
6378
6380
6381
6385
6386
6388
6390
6391
6394
6396
6397
6398
6399
6400
6402
6403
6404
6405
6407
6408
6409
6410
6411
6414
6415
6417
6419
6420
6421
6422
6423
6424
6425
6426
6431
6433
6435
6436
6437
6438
6439
6443
6445
6446
6447
6448
6449
6450
6451
6452
6453
6454
6455
6458
6459
6460
6461
6465
6466
6467
6468
6469
6470
6471
6473
6474
6475
6478
6482
6486
6487
6488
6489
6491
6494
6495
6496
6500
6501
6502
6503
6504
6505
6509
6512
6516
6517
6518
6522
6523
6525
6527
6528
6529
6530
6532
6536
6537
6539
6540
6541
6542
6543
6544
6545
6546
6547
6549
6550
6551
6553
6556
6557
6558
6559
6560
6561
6562
6565
6566
6567
6569
6570
6574
6575
6576
6577
6578
6579
6581
6582
6584
6586
6587
6588
6589
6590
6592
6593
6594
6595
6597
6598
6599
6600
6602
6603
6605
6606
6607
6610
6611
6612
6613
6614
6616
6617
6618
6620
6622
6624
6626
6628
6630
6632
6636
6637
6638
6644
6650
6652
6653
6654
6655
6657
6658
6661
6662
6663
6665
6667
6668
6671
6674
6676
6679
6680
6682
6683
6686
6687
6688
6690
6692
6693
6694
6695
6697
6699
6706
6707
6709
6713
6717
6718
6721
6722
6723
6724
6725
6726
6731
6732
6733
6735
6736
6737
6738
6739
6740
6741
6742
6743
6744
6746
6747
6749
6750
6753
6755
6757
6758
6759
6760
6761
6762
6766
6768
6769
6770
6771
6773
6775
6777
6778
6779
6780
6784
6785
6787
6792
6793
6794
6795
6796
6797
6800
6801
6802
6803
6804
6807
6808
6809
6810
6811
6812
6813
6814
6815
6816
6819
6820
6823
6827
6828
6831
6832
6835
6840
6841
6842
6843
6844
6845
6846
6847
6848
6850
6851
6853
6859
6860
6861
6864
6867
6874
6875
6879
6880
6881
6882
6883
6884
6885
6886
6887
6888
6889
6890
6892
6893
6894
6895
6896
6898
6899
6900
6901
6902
6903
6904
6905
6906
6907
6908
6909
6910
6912
6916
6917
6919
6921
6922
6923
6924
6925
6926
6929
6930
6931
6932
6933
6940
6941
6942
6946
6947
6948
6949
6953
6954
6957
6958
6959
6961
6963
6964
6965
6966
6969
6972
6974
6975
6976
6977
6978
6979
6980
6981
6984
6985
6986
6987
6988
6989
6990
6991
6995
6997
7000
7001
7005
7011
7012
7013
7014
7015
7016
7019
7023
7024
7025
7026
7028
7029
7030
7031
7033
7034
7035
7036
7037
7038
7039
7042
7044
7045
7047
7049
7050
7051
7052
7053
7055
7056
7058
7060
7061
7062
7063
7071
7072
7075
7076
7082
7083
7084
7086
7087
7088
7089
7090
7091
7095
7098
7101
7104
7108
7110
7111
7117
7118
7122
7132
7133
7134
7135
7136
7138
7141
7147
7148
7150
7151
7155
7158
7159
7160
7161
7162
7163
7164
7167
7168
7169
7170
7171
7172
7173
7180
7181
7182
7184
7185
7187
7188
7189
7190
7191
7192
7195
7198
7199
7200
7201
7202
7204
7205
7206
7208
7212
7213
7216
7219
7220
7221
7222
7223
7225
7226
7227
7228
7229
7230
7231
7232
7233
7234
7237
7239
7240
7241
7247
7248
7249
7251
7253
7254
7255
7256
7257
7258
7259
7260
7261
7263
7264
7265
7267
7268
7270
7271
7273
7274
7277
7279
7282
7283
7285
7290
7291
7295
7296
7297
7298
7299
7300
7301
7302
7308
7310
7311
7312
7314
7315
7318
7319
7325
7326
7327
7328
7329
7333
7334
7335
7338
7339
7340
7343
7344
7345
7347
7359
7360
7362
7363
7364
7366
7369
7371
7377
7381
7382
7383
7387
7392
7393
7395
7396
7397
7398
7401
7402
7404
7405
7407
7409
7412
7413
7415
7416
7417
7418
7419
7420
7422
7423
7426
7427
7429
7430
7431
7432
7439
7447
7448
7449
7451
7452
7459
7460
7461
7462
7465
7467
7468
7469
7471
7472
7473
7477
7478
7479
7480
7483
7484
7494
7495
7496
7497
7499
7500
7502
7506
7509
7511
7512
7513
7517
7518
7519
7520
7521
7522
7523
7524
7525
7531
7534
7535
7536
7537
7539
7541
7542
7544
7546
7547
7549
7550
7551
7552
7554
7556
7557
7564
7570
7572
7573
7574
7576
7579
7587
7588
7591
7593
7594
7595
7596
7598
7599
7604
7605
7606
7607
7608
7609
7610
7613
7614
7616
7617
7618
7620
7621
7622
7623
7624
7625
7626
7631
7633
7634
7635
7636
7637
7638
7643
7644
7645
7646
7647
7648
7649
7650
7651
7652
7653
7657
7658
7659
7660
7661
7662
7664
7665
7666
7667
7672
7675
7678
7679
7680
7681
7685
7686
7687
7689
7690
7691
7692
7696
7697
7698
7699
7700
7702
7703
7705
7707
7708
7709
7710
7711
7715
7717
7718
7719
7720
7722
7727
7730
7731
7732
7733
7734
7735
7736
7739
7740
7741
7743
7744
7745
7746
7747
7750
7755
7757
7758
7759
7761
7762
7766
7767
7768
7769
7770
7771
7772
7773
7777
7778
7779
7782
7785
7786
7787
7788
7789
7790
7792
7793
7795
7796
7798
7799
7802
7804
7807
7810
7813
7814
7818
7819
7820
7821
7822
7826
7828
7829
7830
7831
7833
7835
7836
7840
7841
7845
7846
7847
7848
7849
7850
7851
7855
7856
7857
7858
7861
7862
7863
7864
7867
7868
7869
7870
7875
7878
7879
7880
7881
7882
7883
7884
7885
7886
7888
7889
7890
7893
7894
7895
7897
7901
7902
7904
7905
7906
7908
7909
7911
7912
7913
7914
7916
7918
7919
7920
7921
7922
7926
7927
7928
7930
7931
7934
7935
7936
7937
7938
7940
7942
7945
7947
7948
7949
7950
7951
7954
7955
7956
7957
7958
7960
7961
7962
7963
7964
7965
7966
7967
7968
7969
7970
7973
7975
7976
7977
7980
7981
7982
7984
7985
7986
7987
7988
7989
7991
7993
7994
7995
7996
7998
7999
8000
8001
8004
8008
8009
8010
8012
8013
8016
8018
8019
8020
8021
8022
8023
8024
8025
8026
8027
8032
8034
8035
8036
8037
8041
8043
8044
8045
8046
8050
8051
8052
8053
8054
8055
8056
8057
8058
8060
8061
8062
8064
8066
8067
8068
8069
8073
8074
8076
8077
8078
8079
8080
8083
8087
8088
8089
8090
8091
8093
8094
8098
8099
8100
8101
8104
8105
8110
8113
8116
8117
8119
8122
8123
8124
8127
8128
8129
8131
8132
8133
8134
8135
8136
8138
8140
8141
8142
8145
8146
8150
8151
8153
8154
8157
8158
8159
8160
8161
8162
8164
8166
8167
8168
8172
8177
8179
8180
8181
8184
8185
8187
8189
8191
8192
8194
8195
8196
8197
8198
8200
8201
8202
8204
8205
8209
8210
8211
8212
8213
8214
8215
8217
8218
8219
8220
8222
8226
8227
8228
8229
8230
8232
8233
8236
8237
8238
8241
8242
8243
8244
8245
8246
8249
8250
8251
8252
8253
8255
8256
8257
8258
8259
8260
8262
8263
8264
8266
8267
8268
8270
8275
8276
8277
8278
8279
8280
8284
8287
8289
8290
8291
8292
8295
8298
8300
8301
8302
8304
8305
8309
8310
8311
8312
8313
8314
8315
8316
8317
8320
8321
8322
8324
8325
8328
8334
8337
8338
8339
8341
8347
8350
8353
8354
8355
8356
8359
8362
8365
8370
8371
8373
8374
8375
8376
8378
8387
8391
8392
8400
8401
8404
8405
8407
8409
8410
8412
8413
8415
8418
8420
8421
8425
8426
8427
8428
8431
8432
8433
8435
8438
8439
8440
8441
8442
8443
8446
8450
8451
8455
8456
8458
8459
8460
8461
8463
8466
8467
8469
8470
8474
8475
8476
8479
8481
8482
8483
8484
8485
8486
8487
8488
8489
8490
8491
8492
8493
8494
8496
8497
8500
8501
8502
8504
8505
8506
8507
8511
8513
8515
8517
8518
8520
8525
8529
8530
8531
8532
8533
8535
8536
8537
8538
8542
8545
8546
8548
8551
8554
8555
8559
8560
8562
8563
8564
8565
8566
8567
8568
8573
8574
8575
8576
8577
8586
8587
8588
8592
8593
8595
8601
8602
8603
8604
8605
8612
8616
8623
8624
8625
8626
8628
8639
8640
8641
8643
8645
8647
8650
8653
8654
8655
8661
8662
8663
8666
8667
8668
8669
8674
8682
8683
8684
8693
8696
8697
8699
8700
8702
8709
8712
8716
8718
8720
8726
8727
8728
8730
8734
8742
8743
8747
8748
8749
8750
8752
8755
8757
8759
8761
8762
8771
8773
8774
8775
8776
8777
8780
8785
8786
8787
8792
8793
8794
8795
8797
8798
8799
8800
8802
8803
8807
8808
8813
8815
8818
8822
8823
8824
8828
8829
8830
8831
8838
8841
8842
8843
8845
8846
8847
8848
8849
8851
8852
8853
8854
8855
8856
8860
8862
8863
8865
8866
8870
8871
8873
8874
8876
8877
8878
8880
8883
8884
8887
8889
8891
8893
8894
8895
8897
8898
8899
8900
8901
8904
8905
8906
8907
8909
8911
8912
8913
8914
8915
8917
8920
8924
8925
8926
8933
8935
8936
8938
8943
8944
8946
8947
8948
8951
8953
8954
8955
8956
8957
8963
8966
8968
8969
8970
8971
8973
8975
8976
8977
8978
8979
8980
8982
8985
8987
8991
8993
8994
8999
9000
9002
9003
9007
9009
9012
9013
9016
9021
9024
9025
9026
9027
9028
9031
9032
9043
9046
9047
9049
9050
9058
9059
9060
9064
9065
9066
9067
9068
9069
9071
9072
9075
9076
9077
9078
9082
9083
9084
9085
9086
9087
9088
9089
9090
9091
9092
9093
9094
9099
9100
9101
9103
9104
9107
9113
9114
9115
9116
9117
9119
9120
9121
9124
9125
9126
9137
9138
9143
9144
9145
9147
9151
9152
9153
9154
9155
9157
9161
9162
9163
9166
9167
9168
9171
9175
9177
9178
9179
9180
9182
9183
9186
9189
9190
9192
9193
9194
9195
9197
9198
9204
9208
9209
9210
9214
9215
9216
9217
9218
9222
9223
9225
9226
9227
9228
9233
9234
9237
9239
9240
9241
9246
9249
9251
9253
9254
9258
9259
9260
9261
9263
9264
9265
9267
9269
9270
9271
9273
9275
9276
9277
9278
9280
9281
9282
9283
9286
9287
9288
9294
9295
9296
9301
9303
9304
9308
9309
9314
9315
9317
9319
9321
9322
9323
9327
9328
9334
9335
9336
9339
9342
9343
9344
9349
9350
9351
9356
9357
9358
9359
9362
9364
9365
9369
9371
9378
9379
9380
9381
9387
9388
9391
9397
9398
9399
9400
9403
9404
9405
9406
9411
9413
9414
9417
9420
9427
9428
9429
9430
9432
9434
9435
9438
9439
9441
9442
9443
9445
9456
9457
9458
9461
9462
9463
9467
9468
9471
9472
9475
9485
9486
9487
9488
9491
9492
9493
9494
9495
9499
9502
9503
9504
9505
9509
9510
9516
9517
9518
9519
9520
9521
9524
9526
9529
9530
9531
9532
9533
9535
9536
9543
9544
9545
9548
9549
9550
9551
9557
9558
9559
9560
9561
9564
9565
9576
9577
9578
9580
9581
9582
9583
9584
9588
9589
9592
9594
9597
9598
9600
9601
9602
9609
9611
9614
9615
9625
9626
9627
9633
9636
9639
9640
9641
9642
9643
9644
9645
9646
9654
9655
9658
9659
9662
9663
9666
9667
9675
9677
9679
9680
9681
9682
9683
9684
9685
9687
9688
9689
9690
9691
9692
9694
9697
9698
9703
9704
9705
9707
9708
9709
9714
9715
9716
9726
9727
9728
9729
9732
9733
9734
9735
9736
9738
9739
9749
9750
9751
9756
9757
9760
9762
9764
9765
9766
9767
9771
9772
9774
9775
9785
9786
9787
9788
9789
9791
9792
9793
9799
9804
9810
9817
9818
9822
9827
9828
9829
9830
9836
9841
9842
9846
9849
9852
9853
9854
9855
9856
9857
9858
9859
9860
9861
9862
9863
9864
9865
9867
9868
9871
9872
9873
9874
9875
9876
9877
9878
9882
9885
9886
9888
9892
9893
9894
9895
9896
9900
9902
9903
9904
9905
9906
9907
9908
9911
9912
9913
9914
9915
9917
9922
9923
9924
9925
9928
9930
9931
9934
9937
9940
9942
9947
9948
9949
9951
9952
9957
9959
9960
9968
9972
9973
9974
9979
9980
9983
9985
9987
9990
9991
9992
9993
9994
9995
9996
9997
10000
10001
10002
10003
10004
10005
10007
10009
10010
10011
10012
10016
10017
10018
10021
10022
10023
10024
10025
10028
10029
10030
10031
10033
10034
10036
10037
10038
10039
10040
10045
10046
10047
10048
10053
10056
10057
10058
10060
10061
10062
10064
10065
10067
10068
10069
10071
10078
10083
10084
10085
10086
10087
10088
10089
10090
10093
10094
10095
10096
10097
10098
10099
10104
10105
10106
10107
10114
10115
10116
10119
10120
10121
10123
10124
10125
10127
10128
10129
10130
10131
10132
10133
10134
10135
10136
10137
10138
10139
10140
10144
10145
10152
10153
10156
10158
10163
10166
10167
10172
10173
10175
10176
10177
10178
10179
10180
10182
10184
10190
10194
10195
10197
10199
10200
10201
10202
10204
10205
10206
10208
10209
10210
10211
10212
10213
10218
10219
10220
10223
10224
10225
10226
10228
10229
10230
10231
10232
10233
10236
10237
10238
10239
10240
10241
10242
10245
10246
10247
10250
10251
10253
10254
10255
10256
10259
10260
10261
10263
10264
10265
10272
10273
10275
10277
10278
10284
10285
10286
10287
10288
10291
10305
10306
10307
10309
10310
10311
10312
10313
10314
10315
10323
10324
10325
10326
10328
10329
10330
10331
10333
10334
10335
10337
10343
10344
10345
10346
10347
10349
10351
10352
10353
10355
10356
10357
10358
10361
10362
10368
10372
10374
10375
10376
10377
10381
10384
10386
10388
10389
10394
10397
10398
10399
10400
10402
10405
10406
10418
10422
10423
10424
10427
10431
10432
10433
10434
10435
10436
10443
10445
10446
10447
10448
10450
10451
10452
10453
10454
10457
10458
10459
10460
10461
10462
10463
10464
10465
10466
10470
10472
10473
10474
10478
10479
10480
10481
10487
10488
10489
10491
10492
10493
10495
10496
10497
10498
10499
10500
10501
10503
10504
10508
10509
10511
10512
10513
10515
10516
10517
10518
10519
10520
10521
10523
10524
10526
10528
10529
10530
10531
10532
10533
10534
10535
10536
10538
10539
10540
10541
10542
10547
10549
10550
10551
10552
10554
10558
10559
10560
10561
10564
10569
10571
10572
10573
10574
10576
10577
10578
10579
10580
10581
10582
10583
10584
10586
10588
10589
10590
10591
10600
10601
10606
10607
10608
10611
10612
10616
10617
10618
10619
10635
10636
10643
10645
10646
10647
10648
10649
10652
10653
10654
10655
10656
10657
10658
10660
10663
10665
10666
10669
10672
10673
10674
10675
10683
10688
10689
10691
10692
10693
10694
10695
10702
10705
10706
10707
10708
10709
10713
10720
10723
10724
10726
10727
10733
10734
10735
10740
10741
10742
10745
10746
10747
10748
10749
10751
10752
10753
10757
10758
10759
10761
10762
10764
10765
10768
10769
10770
10771
10776
10779
10785
10786
10787
10792
10793
10796
10798
10799
10801
10802
10803
10804
10805
10806
10809
10810
10811
10812
10813
10814
10816
10817
10818
10819
10823
10829
10830
10831
10832
10833
10834
10835
10836
10841
10842
10843
10844
10845
10855
10856
10857
10858
10860
10861
10862
10863
10864
10866
10867
10871
10872
10875
10876
10880
10881
10891
10894
10895
10896
10897
10898
10899
10909
10910
10914
10918
10921
10931
10932
10933
10934
10938
10939
10941
10942
10943
10944
10946
10948
10949
10950
10955
10962
10963
10964
10967
10970
10973
10974
10975
10976
10977
10978
10979
10982
10983
10984
10985
10986
10987
10988
10989
10994
10995
10996
10998
10999
11000
11001
11002
11003
11004
11005
11006
11007
11008
11009
11010
11011
11013
11017
11019
11021
11030
11031
11033
11035
11036
11037
11039
11040
11041
11042
11043
11044
11045
11046
11049
11053
11054
11055
11056
11057
11059
11060
11066
11071
11072
11073
11075
11076
11077
11079
11083
11084
11089
11092
11098
11101
11102
11104
11111
11112
11113
11115
11116
11117
11119
11125
11127
11130
11131
11132
11134
11135
11136
11137
11138
11139
11140
11141
11142
11143
11144
11145
11146
11147
11148
11152
11153
11156
11157
11159
11160
11161
11163
11165
11168
11170
11172
11173
11175
11176
11177
11178
11181
11185
11187
11189
11193
11194
11195
11201
11202
11205
11206
11207
11208
11210
11211
11216
11217
11218
11221
11222
11223
11227
11228
11229
11236
11238
11239
11242
11247
11248
11255
11262
11263
11265
11267
11269
11276
11279
11284
11286
11287
11288
11289
11290
11291
11292
11293
11295
11296
11297
11301
11304
11313
11314
11316
11317
11319
11320
11321
11323
11324
11326
11327
11328
11329
11330
11331
11336
11343
11345
11347
11350
11351
11352
11354
11356
11357
11358
11359
11360
11361
11362
11363
11364
11367
11368
11370
11371
11372
11376
11377
11378
11379
11380
11381
11385
11386
11387
11388
11389
11390
11391
11392
11393
11394
11397
11398
11400
11405
11407
11409
11410
11411
11412
11416
11417
11419
11420
11423
11425
11428
11429
11430
11431
11432
11434
11435
11437
11438
11442
11447
11450
11453
11454
11455
11457
11458
11459
11465
11466
11467
11468
11472
11473
11474
11475
11476
11481
11482
11484
11485
11486
11489
11491
11492
11493
11494
11496
11497
11501
11502
11503
11506
11508
11510
11514
11515
11516
11519
11520
11521
11522
11523
11524
11525
11526
11527
11528
11531
11532
11533
11534
11535
11536
11537
11538
11539
11541
11542
11543
11544
11545
11547
11548
11549
11550
11551
11553
11554
11556
11557
11558
11559
11560
11561
11562
11563
11564
11565
11566
11567
11568
11569
11570
11571
11572
11573
11574
11575
11576
11577
11578
11579
11580
11581
11584
11585
11586
11587
11588
11589
11590
11591
11595
11600
11601
11603
11604
11605
11608
11609
11610
11612
11613
11615
11618
11619
11620
11621
11624
11625
11628
11634
11638
11640
11642
11643
11644
11645
11646
11647
11648
11649
11650
11651
11653
11654
11661
11662
11663
11668
11669
11670
11671
11672
11673
11674
11675
11676
11677
11678
11681
11682
11683
11684
11685
11687
11690
11692
11694
11698
11699
11701
11704
11705
11706
11707
11708
11711
11713
11714
11718
11721
11723
11724
11725
11726
11731
11732
11733
11735
11736
11738
11739
11741
11742
11745
11746
11747
11752
11753
11754
11757
11758
11759
11760
11761
11762
11763
11764
11765
11766
11767
11768
11770
11771
11772
11773
11774
11779
11780
11781
11782
11786
11792
11793
11794
11796
11797
11798
11799
11802
11803
11804
11806
11811
11812
11813
11814
11815
11819
11820
11821
11822
11823
11825
11829
11831
11832
11833
11836
11837
11839
11840
11841
11842
11843
11846
11847
11849
11852
11856
11857
11858
11862
11867
11868
11869
11870
11871
11872
11873
11874
11875
11876
11877
11880
11881
11882
11883
11884
11885
11886
11888
11890
11891
11892
11893
11895
11900
11903
11910
11912
11913
11914
11915
11916
11917
11918
11923
11925
11929
11930
11931
11932
11933
11934
11935
11936
11937
11939
11940
11942
11944
11945
11946
11947
11949
11950
11953
11956
11957
11958
11959
11962
11963
11964
11965
11971
11973
11980
11981
11984
11985
11991
11998
11999
12000
12001
12002
12003
12005
12006
12007
12012
12014
12015
12016
12017
12020
12023
12029
12030
12031
12032
12033
12038
12040
12045
12048
12049
12050
12052
12053
12056
12060
12063
12066
12067
12073
12074
12075
12076
12077
12078
12079
12080
12081
12082
12083
12084
12085
12086
12087
12088
12092
12095
12096
12097
12099
12101
12102
12103
12104
12108
12109
12120
12121
12122
12124
12126
12127
12128
12134
12135
12140
12141
12145
12147
12148
12149
12150
12151
12153
12155
12156
12158
12159
12160
12161
12162
12163
12165
12166
12168
12170
12171
12172
12175
12176
12177
12178
12179
12180
12181
12182
12186
12187
12189
12190
12192
12193
12194
12195
12196
12197
12200
12201
12202
12203
12207
12209
12210
12211
12216
12217
12218
12219
12220
12225
12226
12233
12234
12235
12236
12237
12244
12249
12251
12255
12256
12257
12258
12259
12260
12270
12271
12272
12273
12274
12276
12281
12282
12283
12284
12291
12297
12299
12300
12301
12304
12307
12308
12309
12310
12315
12316
12320
12321
12323
12325
12329
12330
12337
12339
12340
12341
12342
12343
12345
12346
12347
12350
12351
12352
12355
12360
12361
12362
12366
12371
12372
12373
12374
12377
12378
12379
12380
12382
12383
12384
12385
12386
12387
12388
12390
12391
12392
12393
12395
12396
12397
12399
12400
12401
12402
12403
12404
12407
12408
12411
12412
12413
12414
12416
12417
12419
12420
12421
12422
12423
12429
12432
12433
12435
12436
12440
12441
12444
12447
12448
12449
12450
12451
12452
12453
12454
12455
12460
12461
12462
12463
12464
12468
12469
12470
12471
12472
12473
12474
12475
12476
12478
12479
12480
12481
12484
12485
12489
12490
12491
12492
12494
12495
12496
12497
12498
12499
12500
12501
12502
12503
12509
12510
12516
12517
12522
12523
12525
12526
12527
12529
12530
12531
12532
12533
12534
12542
12543
12544
12545
12551
12552
12555
12556
12557
12559
12562
12563
12565
12568
12569
12570
12572
12573
12574
12575
12577
12578
12579
12580
12590
12591
12592
12593
12594
12605
12608
12611
12617
12622
12625
12630
12631
12632
12634
12635
12638
12639
12641
12642
12650
12651
12658
12659
12660
12668
12669
12670
12671
12672
12677
12678
12682
12684
12685
12692
12693
12695
12698
12701
12702
12703
12705
12706
12707
12711
12712
12713
12714
12715
12716
12717
12718
12719
12720
12721
12722
12724
12730
12731
12734
12735
12746
12747
12748
12749
12751
12752
12753
12754
12755
12756
12757
12758
12760
12761
12763
12777
12778
12779
12781
12783
12784
12785
12786
12795
12796
12797
12798
12799
12802
12804
12805
12811
12812
12813
12814
12818
12819
12821
12822
12823
12824
12825
12829
12830
12831
12832
12834
12836
12837
12838
12846
12847
12861
12862
12867
12871
12872
12875
12876
12881
12882
12903
12904
12905
12906
12907
12910
12911
12912
12913
12914
12916
12917
12918
12920
12924
12925
12931
12936
12937
12938
12939
12940
12941
12942
12943
12944
12946
12947
12948
12951
12955
12956
12957
12958
12960
12961
12962
12964
12965
12966
12967
12968
12969
12970
12971
12972
12973
12981
12982
12983
12987
12988
12989
12990
12991
12992
12993
12994
12995
12996
12997
12998
12999
13000
13001
13002
13003
13004
13005
13009
13010
13011
13012
13013
13014
13015
13020
13022
13023
13024
13034
13035
13039
13040
13041
13042
13043
13044
13048
13050
13051
13054
13056
13057
13058
13059
13060
13061
13062
13063
13064
13065
13066
13067
13068
13069
13070
13071
13073
13079
13080
13081
13082
13083
13086
13087
13090
13091
13092
13094
13099
13100
13101
13102
13103
13104
13105
13106
13110
13112
13113
13114
13115
13120
13121
13123
13124
13125
13126
13127
13128
13131
13134
13137
13138
13139
13140
13141
13145
13146
13147
13148
13149
13150
13153
13154
13155
13157
13158
13159
13160
13161
13162
13163
13164
13165
13166
13167
13180
13181
13182
13183
13187
13188
13189
13190
13191
13192
13193
13194
13197
13198
13199
13200
13203
13204
13205
13206
13209
13210
13211
13212
13213
13214
13215
13216
13219
13220
13223
13224
13225
13226
13227
13228
13229
13230
13236
13237
13238
13245
13246
13247
13248
13249
13250
13251
13252
13257
13258
13259
13260
13261
13262
13263
13264
13267
13268
13269
13270
13271
13272
13273
13274
13277
13278
13279
13281
13282
13283
13284
13285
13286
13287
13290
13297
13298
13299
13308
13309
13310
13311
13312
13313
13314
13315
13318
13320
13321
13325
13326
13327
13329
13330
13331
13332
13333
13334
13335
13336
13337
13338
13340
13341
13342
13343
13345
13346
13347
13348
13349
13351
13352
13353
13354
13355
13356
13357
13358
13362
13363
13371
13372
13373
13374
13375
13376
13378
13379
13380
13385
13386
13387
13388
13389
13390
13391
13393
13394
13395
13406
13407
13409
13410
13411
13412
13413
13414
13415
13421
13422
13423
13424
13425
13426
13427
13428
13429
13430
13431
13442
13443
13444
13445
13446
13447
13448
13449
13458
13461
13462
13465
13475
13476
13477
13478
13479
13480
13481
13482
13483
13486
13487
13488
13490
13491
13496
13504
13505
13508
13509
13512
13513
13514
13515
13517
13525
13526
13527
13528
13529
13530
13531
13533
13534
13552
13553
13554
13555
13556
13563
13564
13565
13566
13567
13568
13569
13570
13575
13576
13577
13578
13579
13581
13582
13583
13584
13585
13588
13590
13591
13592
13594
13595
13601
13602
13603
13604
13605
13606
13613
13624
13625
13626
13630
13631
13632
13633
13634
13635
13636
13637
13638
13639
13640
13641
13642
13643
13644
13645
13646
13648
13649
13650
13651
13652
13657
13658
13659
13660
13661
13662
13663
13664
13666
13672
13675
13676
13677
13678
13679
13681
13686
13687
13688
13689
13693
13694
13695
13696
13697
13698
13699
13700
13701
13702
13703
13708
13709
13710
13711
13712
13713
13714
13715
13716
13717
13718
13721
13722
13733
13734
13735
13736
13737
13738
13739
13741
13742
13743
13744
13745
13746
13747
13748
13749
13750
13751
13754
13758
13759
13760
13761
13764
13767
13771
13772
13775
13776
13777
13779
13780
13782
13783
13785
13786
13787
13793
13794
13795
13796
13797
13798
13799
13801
13802
13804
13807
13808
13809
13810
13811
13812
13813
13814
13815
13816
13817
13818
13819
13820
13821
13822
13824
13828
13829
13830
13831
13832
13834
13841
13844
13849
13853
13856
13857
13860
13861
13862
13864
13868
13869
13872
13873
13875
13877
13879
13888
13891
13892
13893
13896
13899
13905
13907
13908
13909
13910
13911
13913
13914
13915
13917
13918
13922
13925
13928
13930
13931
13932
13937
13939
13941
13945
13946
13947
13950
13951
13956
13957
13959
13960
13961
13964
13968
13969
13972
13973
13975
13976
13977
13979
13980
13981
13982
13983
13985
13987
13988
13989
13991
13992
13993
13996
14000
14001
14002
14003
14004
14006
14007
14009
14010
14011
14012
14015
14022
14023
14024
14030
14031
14033
14035
14036
14037
14042
14043
14045
14046
14049
14051
14055
14058
14060
14061
14063
14064
14065
14067
14068
14072
14078
14079
14080
14083
14084
14088
14089
14090
14091
14093
14094
14100
14104
14108
14121
14122
14123
14127
14128
14130
14134
14136
14140
14141
14142
14150
14151
14153
14154
14156
14159
14161
14162
14164
14165
14166
14168
14169
14171
14172
14174
14175
14176
14177
14180
14183
14190
14191
14192
14193
14194
14196
14197
14204
14206
14207
14208
14209
14215
14216
14217
14219
14220
14221
14222
14223
14225
14226
14227
14232
14233
14236
14240
14241
14242
14243
14244
14246
14248
14257
14258
14259
14260
14261
14267
14269
14270
14273
14277
14278
14280
14281
14282
14283
14285
14287
14289
14291
14296
14300
14305
14306
14309
14311
14312
14314
14319
14320
14324
14327
14328
14329
14331
14332
14333
14336
14338
14342
14343
14344
14345
14348
14353
14354
14358
14359
14361
14362
14363
14365
14366
14367
14370
14374
14377
14387
14388
14389
14390
14392
14393
14394
14399
14400
14401
14402
14403
14409
14410
14412
14419
14421
14422
14424
14425
14427
14433
14434
14435
14439
14445
14446
14450
14451
14452
14457
14458
14459
14460
14461
14462
14463
14464
14469
14470
14471
14472
14473
14474
14475
14476
14479
14480
14481
14482
14483
14484
14485
14486
14493
14494
14495
14497
14498
14499
14500
14501
14502
14503
14505
14506
14507
14508
14511
14512
14513
14514
14517
14518
14519
14520
14521
14522
14523
14524
14526
14527
14528
14529
14530
14535
14536
14537
14538
14539
14540
14541
14542
14543
14544
14545
14546
14550
14556
14557
14558
14560
14561
14565
14572
14573
14574
14575
14576
14577
14578
14579
14580
14581
14582
14583
14584
14585
14586
14587
14588
14590
14594
14595
14596
14597
14598
14599
14600
14601
14602
14604
14605
14608
14611
14616
14617
14618
14620
14621
14622
14623
14624
14627
14631
14632
14634
14635
14636
14637
14639
14640
14641
14642
14643
14644
14645
14648
14649
14650
14651
14652
14653
14655
14656
14657
14658
14659
14663
14664
14667
14668
14669
14670
14676
14677
14678
14679
14680
14681
14682
14683
14685
14686
14687
14692
14693
14694
14695
14696
14697
14698
14699
14700
14701
14702
14703
14705
14706
14707
14708
14709
14710
14711
14712
14713
14714
14715
14716
14717
14718
14719
14720
14721
14722
14723
14724
14725
14726
14727
14728
14730
14732
14733
14734
14735
14736
14737
14739
14741
14742
14743
14747
14748
14749
14751
14752
14753
14754
14755
14756
14758
14759
14760
14761
14762
14764
14765
14766
14767
14769
14770
14772
14773
14774
14775
14776
14779
14781
14782
14783
14784
14785
14786
14787
14788
14789
14790
14791
14792
14794
14795
14800
14801
14802
14803
14805
14808
14810
14811
14812
14813
14814
14816
14817
14819
14820
14821
14824
14829
14830
14834
14836
14837
14838
14840
14841
14842
14843
14844
14845
14846
14847
14849
14850
14852
14853
14854
14855
14856
14857
14858
14859
14860
14861
14863
14864
14865
14866
14867
14868
14869
14870
14872
14874
14875
14876
14877
14878
14879
14880
14883
14884
14885
14886
14887
14888
14890
14892
14893
14894
14895
14898
14899
14901
14902
14903
14905
14906
14907
14908
14909
14911
14912
14913
14914
14915
14916
14918
14919
14920
14921
14922
14923
14924
14929
14931
14932
14933
14934
14935
14936
14937
14938
14942
14943
14946
14947
14951
14952
14953
14954
14955
14959
14962
14965
14966
14967
14968
14972
14973
14974
14975
14976
14977
14978
14979
14980
14981
14982
14983
14984
14985
14988
14989
14990
14991
14993
14998
15000
15002
15005
15006
15007
15008
15009
15010
15011
15012
15013
15014
15015
15017
15018
15020
15021
15023
15024
15025
15028
15029
15032
15033
15034
15037
15040
15041
15045
15047
15048
15051
15052
15053
15054
15055
15056
15057
15058
15059
15060
15062
15068
15069
15070
15071
15072
15079
15080
15084
15085
15086
15087
15088
15090
15091
15092
15093
15094
15095
15096
15097
15098
15100
15101
15102
15104
15105
15108
15109
15110
15113
15114
15115
15116
15117
15118
15121
15123
15125
15126
15127
15129
15130
15131
15133
15134
15135
15137
15138
15139
15140
15147
15148
15149
15150
15151
15152
15153
15154
15155
15156
15157
15158
15160
15163
15164
15165
15166
15167
15168
15169
15170
15171
15173
15174
15175
15177
15179
15181
15182
15183
15184
15186
15188
15189
15190
15191
15192
15195
15196
15197
15198
15199
15200
15201
15205
15206
15211
15213
15214
15215
15216
15217
15218
15220
15221
15222
15223
15224
15225
15226
15231
15233
15234
15237
15239
15240
15241
15242
15243
15244
15245
15248
15250
15251
15256
15257
15258
15260
15261
15262
15264
15265
15266
15268
15269
15272
15273
15275
15276
15277
15279
15292
15293
15298
15300
15302
15303
15304
15305
15306
15308
15310
15311
15312
15316
15319
15320
15321
15322
15323
15324
15326
15327
15329
15330
15331
15332
15333
15335
15336
15337
15338
15339
15340
15341
15342
15344
15345
15346
15348
15349
15351
15352
15354
15355
15364
15365
15366
15368
15370
15371
15372
15378
15379
15380
15382
15383
15384
15386
15389
15390
15392
15396
15400
15401
15408
15411
15412
15413
15414
15417
15418
15419
15420
15421
15422
15424
15425
15427
15428
15436
15437
15439
15440
15441
15442
15447
15452
15453
15454
15455
15458
15459
15460
15461
15462
15463
15464
15465
15466
15468
15471
15472
15473
15476
15482
15483
15485
15486
15488
15489
15492
15494
15497
15500
15509
15510
15511
15512
15513
15514
15515
15519
15524
15525
15526
15527
15532
15534
15535
15536
15539
15540
15544
15546
15547
15549
15550
15551
15552
15553
15554
15556
15561
15563
15564
15565
15566
15567
15568
15569
15570
15574
15576
15578
15579
15582
15586
15587
15588
15589
15590
15591
15592
15593
15596
15597
15598
15599
15601
15602
15603
15604
15605
15606
15607
15611
15612
15613
15615
15616
15617
15618
15619
15620
15625
15626
15627
15630
15631
15632
15634
15639
15642
15644
15648
15650
15651
15652
15654
15659
15660
15671
15672
15675
15679
15681
15682
15684
15687
15688
15691
15692
15694
15695
15696
15697
15698
15700
15702
15705
15711
15716
15721
15722
15723
15728
15736
15740
15744
15745
15747
15750
15752
15753
15754
15755
15756
15759
15760
15762
15763
15764
15765
15772
15773
15774
15775
15776
15778
15783
15784
15785
15791
15792
15794
15795
15801
15803
15805
15806
15807
15809
15812
15813
15814
15815
15817
15818
15819
15820
15823
15824
15829
15830
15832
15833
15834
15836
15837
15838
15840
15841
15842
15843
15844
15845
15846
15847
15849
15850
15851
15852
15853
15854
15860
15861
15863
15864
15865
15868
15876
15884
15886
15890
15895
15901
15904
15905
15907
15908
15910
15911
15916
15938
15949
15952
15953
15954
15955
15959
15960
15961
15962
15963
15964
15966
15969
15972
15973
15974
15975
15978
15987
15988
15989
15991
15994
15995
16002
16003
16006
16007
16008
16017
16018
16019
16023
16026
16027
16028
16030
16031
16032
16045
16046
16049
16050
16053
16055
16056
16059
16062
16066
16070
16071
16072
16076
16078
16079
16082
16083
16084
16085
16087
16088
16089
16090
16094
16095
16096
16107
16110
16111
16112
16113
16114
16116
16118
16121
16122
16123
16125
16127
16130
16133
16134
16135
16137
16138
16139
16142
16144
16145
16146
16147
16150
16155
16156
16157
16158
16159
16160
16162
16163
16166
16169
16170
16173
16174
16175
16176
16184
16187
16188
16189
16191
16192
16195
16198
16201
16202
16204
16207
16213
16218
16221
16228
16230
16235
16239
16240
16242
16244
16245
16247
16248
16251
16261
16263
16264
16265
16268
16269
16270
16284
16285
16286
16288
16289
16290
16291
16292
16294
16295
16296
16297
16299
16303
16307
16309
16310
16313
16314
16320
16322
16325
16329
16330
16331
16332
16336
16337
16338
16341
16342
16344
16347
16348
16349
16350
16351
16352
16354
16355
16356
16357
16358
16364
16370
16373
16378
16379
16381
16385
16386
16389
16391
16392
16395
16400
16402
16404
16405
16406
16407
16408
16409
16410
16411
16412
16413
16414
16418
16419
16421
16422
16423
16424
16426
16429
16430
16431
16436
16439
16447
16448
16449
16453
16457
16458
16459
16465
16467
16473
16478
16479
16481
16483
16484
16485
16488
16489
16490
16491
16492
16495
16497
16500
16501
16505
16506
16507
16508
16509
16510
16514
16515
16518
16519
16520
16521
16522
16523
16526
16528
16529
16532
16539
16540
16544
16548
16553
16554
16555
16561
16562
16567
16568
16569
16576
16577
16586
16587
16590
16593
16594
16597
16598
16600
16601
16602
16604
16605
16617
16618
16621
16626
16630
16631
16633
16635
16636
16637
16638
16639
16641
16644
16645
16646
16647
16650
16652
16654
16657
16659
16660
16661
16662
16665
16666
16668
16671
16672
16677
16683
16684
16685
16687
16688
16689
16690
16692
16693
16694
16695
16697
16698
16700
16701
16707
16709
16710
16711
16713
16714
16715
16716
16717
16720
16721
16723
16724
16727
16731
16732
16735
16736
16738
16739
16740
16741
16742
16743
16746
16748
16751
16752
16754
16755
16756
16759
16760
16761
16763
16764
16765
16771
16777
16778
16781
16788
16789
16790
16794
16795
16797
16800
16801
16802
16803
16811
16812
16813
16814
16815
16816
16818
16819
16820
16823
16824
16826
16827
16829
16830
16834
16837
16839
16840
16842
16843
16844
16848
16850
16851
16856
16857
16858
16859
16865
16867
16869
16871
16873
16874
16875
16877
16878
16879
16880
16882
16883
16887
16895
16896
16900
16901
16902
16906
16907
16908
16917
16918
16920
16921
16922
16923
16925
16927
16928
16931
16932
16934
16935
16937
16940
16941
16943
16944
16945
16948
16949
16950
16951
16952
16958
16961
16962
16964
16965
16966
16968
16974
16975
16976
16977
16978
16983
16984
16985
16989
16990
16993
16994
16995
16997
17002
17003
17005
17008
17010
17011
17014
17015
17017
17018
17019
17021
17024
17025
17026
17027
17028
17029
17030
17032
17035
17036
17037
17038
17039
17040
17041
17046
17051
17052
17055
17056
17057
17058
17060
17062
17064
17065
17066
17070
17071
17072
17073
17076
17079
17080
17084
17086
17087
17089
17090
17091
17092
17095
17101
17102
17103
17104
17105
17106
17108
17113
17118
17120
17121
17122
17123
17125
17130
17131
17132
17135
17136
17139
17140
17141
17143
17144
17148
17149
17150
17151
17158
17159
17162
17163
17167
17168
17169
17170
17171
17173
17174
17176
17177
17184
17186
17187
17188
17192
17193
17194
17195
17198
17201
17202
17204
17205
17207
17208
17211
17212
17222
17223
17224
17228
17229
17232
17233
17237
17238
17243
17244
17245
17246
17248
17249
17251
17253
17260
17261
17263
17265
17266
17267
17268
17270
17271
17272
17273
17275
17276
17278
17280
17282
17283
17284
17286
17288
17289
17290
17291
17292
17293
17294
17295
17296
17297
17303
17305
17306
17307
17308
17310
17315
17316
17317
17318
17321
17322
17323
17330
17331
17332
17333
17334
17335
17336
17337
17345
17349
17350
17351
17352
17353
17354
17355
17356
17358
17359
17361
17362
17363
17364
17366
17367
17369
17370
17371
17372
17373
17374
17375
17376
17378
17379
17382
17384
17385
17391
17394
17397
17398
17399
17400
17407
17408
17409
17411
17413
17414
17415
17418
17419
17421
17422
17423
17424
17428
17429
17430
17431
17435
17436
17440
17441
17442
17443
17445
17446
17447
17449
17450
17451
17457
17458
17460
17467
17468
17469
17472
17476
17479
17480
17482
17486
17487
17488
17490
17500
17503
17504
17509
17510
17511
17512
17517
17518
17519
17522
17523
17525
17526
17527
17528
17529
17530
17531
17532
17533
17536
17537
17538
17540
17542
17544
17546
17547
17549
17551
17552
17553
17554
17556
17557
17558
17559
17560
17562
17563
17564
17565
17566
17567
17568
17570
17571
17577
17579
17580
17581
17582
17583
17584
17591
17593
17594
17595
17601
17605
17606
17607
17611
17614
17617
17618
17622
17626
17627
17633
17634
17635
17639
17640
17641
17643
17644
17645
17652
17655
17656
17662
17663
17664
17665
17667
17668
17669
17670
17672
17676
17679
17682
17683
17684
17685
17688
17692
17693
17695
17696
17697
17699
17700
17701
17703
17705
17712
17713
17715
17718
17719
17720
17721
17722
17727
17728
17729
17735
17736
17737
17744
17748
17751
17752
17753
17754
17755
17756
17758
17759
17760
17761
17762
17767
17769
17770
17771
17773
17779
17780
17781
17782
17783
17786
17787
17788
17789
17790
17791
17792
17796
17797
17798
17801
17805
17808
17809
17810
17813
17814
17815
17816
17824
17825
17826
17827
17829
17830
17831
17832
17833
17834
17835
17836
17838
17839
17844
17847
17848
17850
17851
17852
17854
17855
17856
17858
17859
17860
17861
17862
17863
17868
17869
17871
17872
17873
17874
17875
17877
17878
17881
17883
17884
17885
17886
17895
17896
17897
17898
17901
17902
17904
17905
17906
17907
17910
17911
17912
17913
17917
17918
17920
17921
17925
17926
17930
17931
17932
17933
17934
17935
17936
17937
17939
17940
17942
17943
17944
17945
17946
17947
17948
17949
17950
17951
17952
17953
17954
17956
17957
17959
17960
17961
17964
17967
17968
17971
17972
17974
17975
17976
17979
17981
17982
17983
17985
17986
17987
17988
17989
17990
17991
17993
17994
17996
17997
17998
17999
18001
18002
18003
18006
18009
18010
18011
18015
18017
18018
18020
18021
18024
18029
18031
18033
18034
18037
18039
18043
18047
18048
18050
18052
18053
18054
18055
18059
18060
18063
18065
18066
18067
18070
18071
18072
18073
18076
18079
18080
18088
18092
18095
18096
18099
18100
18101
18102
18103
18104
18105
18106
18107
18108
18109
18111
18114
18116
18117
18118
18119
18124
18127
18128
18129
18130
18131
18133
18136
18137
18141
18148
18149
18150
18154
18155
18157
18158
18159
18161
18170
18172
18184
18195
18199
18200
18213
18214
18215
18223
18235
18242
18249
18257
18261
18262
18270
18282
18283
18291
18294
18299
18307
18310
18312
18313
18314
18317
18322
18328
18341
18344
18345
18357
18359
18362
18364
18372
18378
18379
18382
18399
18411
18420
18423
18424
18429
18433
18435
18437
18445
18447
18456
18459
18488
18496
18499
18501
18503
18504
18505
18506
18508
18509
18515
18516
18519
18520
18521
18522
18523
18524
18526
18527
18528
18529
18531
18532
18533
18534
18535
18536
18538
18540
18541
18542
18543
18545
18546
18547
18548
18549
18550
18551
18552
18553
18554
18555
18556
18557
18558
18560
18561
18562
18563
18564
18565
18566
18568
18569
18570
18572
18573
18574
18575
18576
18577
18578
18579
18580
18581
18582
18583
18584
18585
18586
18587
18588
18589
18590
18591
18592
18593
18594
18595
18596
18597
18598
18599
18600
18601
18602
18603
18604
18605
18606
18607
18609
18610
18611
18612
18613
18614
18615
18616
18617
18618
18619
18620
18621
18623
18624
18634
18653
18661
