0
2
3
14
18
21
22
25
26
27
28
29
39
48
51
52
54
55
57
58
59
60
69
70
71
73
75
76
77
79
81
82
83
84
88
95
98
100
105
107
117
118
125
129
130
131
135
136
143
145
146
152
154
159
167
168
172
174
175
176
179
180
183
184
189
191
193
194
195
206
211
212
215
216
218
226
227
228
229
231
233
235
237
238
250
252
253
254
255
256
258
262
264
268
269
270
274
276
277
281
295
300
303
308
309
312
315
316
317
332
340
341
343
353
358
359
364
366
370
373
374
375
376
382
387
388
390
392
395
400
404
407
408
410
415
421
425
427
434
444
446
447
448
449
452
457
459
460
471
472
491
492
495
503
505
508
509
510
511
515
516
520
526
536
540
548
554
561
563
565
582
588
590
591
594
596
599
603
605
610
611
614
629
638
639
640
644
645
651
652
654
656
661
663
665
666
672
674
675
676
680
682
683
684
686
687
688
690
691
692
695
696
697
700
701
702
704
705
706
707
708
709
710
711
712
713
714
715
716
719
721
722
723
725
727
728
730
731
732
734
735
738
742
743
744
746
747
748
749
750
754
755
756
757
758
759
760
762
763
764
765
766
767
768
770
771
774
775
776
777
779
780
781
783
784
785
787
788
791
792
793
794
795
796
797
798
799
800
801
802
803
804
805
806
807
808
809
810
811
812
814
815
816
817
820
821
822
823
824
825
828
829
830
831
832
833
834
835
836
839
840
841
842
843
844
845
847
848
849
850
851
856
857
858
861
862
863
864
865
866
867
868
871
872
873
876
877
878
879
880
881
882
883
884
886
887
888
889
890
891
892
893
894
895
896
897
898
899
902
903
904
906
909
910
911
913
914
915
916
917
918
919
920
921
922
923
926
927
928
929
930
931
932
933
934
935
936
937
938
939
940
941
942
946
948
949
950
951
952
953
954
955
956
957
958
959
960
961
962
963
964
965
966
967
968
969
970
971
973
974
975
976
977
978
981
982
984
986
987
990
991
992
993
994
995
996
997
998
1003
1004
1005
1006
1009
1010
1011
1012
1013
1014
1015
1016
1017
1018
1021
1022
1023
1025
1026
1027
1028
1030
1031
1032
1033
1034
1037
1038
1040
1041
1042
1048
1049
1050
1051
1052
1053
1054
1055
1056
1057
1058
1059
1061
1062
1063
1064
1066
1067
1068
1069
1070
1071
1072
1073
1074
1075
1076
1079
1080
1081
1082
1085
1088
1089
1090
1094
1095
1098
1099
1101
1103
1104
1105
1106
1107
1108
1109
1112
1113
1114
1115
1117
1120
1121
1122
1123
1124
1125
1126
1127
1128
1131
1133
1134
1136
1138
1139
1140
1143
1144
1145
1146
1147
1148
1149
1150
1151
1152
1153
1156
1157
1158
1159
1160
1161
1162
1163
1164
1165
1166
1167
1168
1169
1170
1171
1176
1177
1178
1180
1183
1184
1185
1186
1187
1188
1189
1190
1191
1192
1193
1194
1196
1197
1198
1199
1200
1201
1202
1203
1204
1206
1208
1209
1210
1211
1212
1213
1214
1215
1216
1218
1220
1221
1222
1223
1225
1227
1229
1230
1231
1238
1239
1240
1241
1243
1244
1245
1248
1249
1250
1251
1252
1254
1255
1256
1257
1258
1259
1260
1261
1262
1263
1264
1265
1266
1267
1268
1269
1270
1271
1272
1273
1275
1276
1277
1284
1285
1287
1289
1290
1291
1292
1293
1294
1295
1296
1298
1299
1300
1301
1304
1305
1306
1307
1308
1309
1310
1311
1313
1315
1316
1317
1319
1320
1323
1324
1325
1328
1329
1330
1331
1332
1333
1334
1335
1336
1341
1342
1343
1344
1345
1346
1348
1349
1351
1353
1354
1355
1356
1357
1358
1359
1360
1361
1362
1363
1364
1365
1366
1367
1373
1374
1379
1381
1383
1394
1395
1396
1398
1399
1400
1403
1405
1406
1409
1410
1411
1412
1413
1414
1415
1416
1418
1419
1420
1421
1422
1427
1428
1429
1430
1431
1432
1433
1434
1435
1436
1439
1441
1442
1443
1444
1445
1446
1447
1448
1449
1450
1451
1452
1454
1455
1456
1457
1462
1464
1466
1467
1470
1471
1472
1473
1477
1478
1479
1480
1490
1491
1497
1498
1502
1503
1504
1505
1507
1510
1513
1514
1516
1523
1524
1525
1526
1531
1533
1534
1535
1537
1538
1539
1540
1541
1542
1543
1544
1545
1546
1551
1552
1553
1554
1555
1556
1560
1564
1565
1566
1569
1570
1573
1574
1576
1577
1580
1581
1585
1586
1587
1588
1589
1590
1591
1592
1593
1595
1596
1602
1603
1604
1605
1606
1607
1612
1613
1614
1615
1618
1619
1620
1622
1623
1624
1625
1626
1627
1628
1631
1632
1633
1635
1636
1637
1638
1639
1641
1644
1646
1647
1648
1650
1652
1653
1654
1656
1658
1662
1663
1664
1665
1666
1667
1668
1669
1670
1672
1673
1674
1675
1676
1680
1681
1682
1683
1684
1685
1688
1691
1692
1693
1694
1695
1696
1697
1701
1702
1703
1704
1705
1706
1707
1708
1709
1710
1711
1712
1713
1714
1719
1720
1721
1722
1723
1724
1725
1726
1729
1731
1732
1733
1734
1735
1736
1737
1738
1739
1740
1742
1743
1744
1745
1746
1747
1748
1749
1752
1753
1754
1755
1756
1757
1758
1759
1760
1763
1764
1765
1766
1767
1768
1770
1771
1772
1773
1774
1775
1776
1777
1778
1780
1781
1782
1783
1784
1785
1786
1790
1793
1794
1795
1796
1797
1798
1799
1800
1802
1803
1804
1805
1806
1807
1808
1809
1810
1811
1813
1814
1817
1818
1819
1820
1821
1822
1824
1825
1827
1828
1829
1830
1832
1833
1834
1835
1836
1837
1838
1839
1847
1848
1849
1852
1854
1855
1859
1860
1861
1865
1871
1872
1874
1875
1877
1879
1884
1885
1887
1891
1892
1894
1895
1901
1904
1905
1906
1907
1909
1910
1911
1912
1913
1915
1917
1918
1920
1922
1923
1925
1926
1927
1928
1929
1930
1931
1932
1933
1934
1935
1940
1941
1944
1945
1946
1947
1948
1950
1951
1952
1953
1954
1962
1963
1964
1965
1966
1967
1969
1973
1974
1975
1984
1986
1988
1989
1991
1995
1998
1999
2000
2001
2002
2004
2006
2007
2008
2009
2010
2011
2012
2013
2014
2015
2016
2017
2018
2019
2025
2026
2027
2030
2031
2034
2035
2036
2037
2040
2042
2043
2048
2050
2051
2055
2056
2057
2058
2061
2062
2063
2065
2066
2067
2068
2069
2070
2071
2072
2074
2075
2076
2077
2084
2085
2087
2088
2089
2091
2094
2096
2097
2098
2103
2104
2109
2110
2111
2116
2119
2123
2124
2125
2126
2127
2128
2129
2130
2131
2132
2133
2134
2137
2139
2141
2143
2148
2149
2150
2151
2154
2155
2156
2158
2159
2160
2162
2165
2167
2172
2173
2174
2175
2176
2177
2178
2180
2181
2184
2185
2187
2188
2189
2192
2193
2194
2195
2196
2198
2200
2201
2202
2203
2204
2207
2210
2212
2213
2214
2215
2216
2217
2218
2219
2222
2223
2224
2225
2226
2227
2230
2231
2232
2233
2235
2236
2237
2238
2239
2240
2241
2247
2248
2249
2250
2251
2252
2254
2255
2256
2257
2260
2261
2262
2263
2264
2265
2266
2268
2269
2270
2271
2272
2273
2274
2275
2276
2278
2279
2281
2282
2283
2286
2287
2289
2290
2291
2292
2293
2294
2295
2302
2303
2304
2308
2309
2310
2311
2312
2313
2320
2322
2323
2324
2327
2328
2330
2331
2333
2334
2335
2336
2337
2338
2339
2342
2343
2347
2348
2349
2350
2351
2353
2354
2355
2356
2357
2358
2360
2363
2364
2365
2366
2367
2368
2373
2374
2375
2376
2377
2378
2380
2382
2383
2386
2387
2389
2391
2392
2393
2394
2395
2398
2399
2400
2404
2405
2406
2407
2408
2409
2416
2417
2421
2423
2424
2434
2435
2436
2438
2439
2440
2441
2443
2444
2445
2446
2451
2452
2454
2455
2456
2457
2459
2461
2462
2463
2464
2465
2470
2472
2473
2474
2475
2476
2477
2478
2479
2484
2487
2488
2489
2491
2492
2493
2495
2498
2499
2500
2501
2505
2506
2508
2509
2510
2511
2513
2515
2516
2519
2522
2524
2525
2526
2527
2528
2529
2530
2531
2532
2533
2534
2535
2536
2537
2538
2539
2540
2541
2542
2543
2544
2545
2546
2547
2548
2549
2550
2553
2554
2555
2556
2557
2558
2564
2565
2566
2567
2569
2571
2579
2580
2583
2584
2585
2586
2587
2588
2589
2590
2591
2592
2594
2597
2600
2602
2603
2606
2608
2609
2610
2611
2612
2616
2617
2618
2619
2623
2627
2628
2629
2630
2631
2632
2634
2635
2637
2638
2639
2640
2641
2642
2643
2644
2645
2655
2658
2660
2661
2662
2663
2666
2667
2668
2669
2670
2671
2672
2673
2675
2676
2677
2678
2679
2682
2683
2684
2685
2687
2688
2689
2690
2691
2692
2695
2696
2697
2704
2705
2706
2707
2709
2710
2711
2713
2719
2720
2721
2722
2724
2725
2726
2727
2728
2729
2730
2731
2732
2733
2736
2737
2739
2740
2741
2742
2743
2745
2746
2747
2748
2749
2750
2751
2752
2755
2756
2762
2763
2764
2765
2766
2767
2769
2770
2777
2779
2780
2781
2783
2784
2785
2786
2787
2788
2789
2790
2791
2792
2808
2809
2810
2811
2812
2813
2814
2815
2822
2831
2840
2841
2847
2850
2852
2854
2855
2856
2858
2860
2861
2863
2864
2865
2866
2867
2872
2873
2881
2882
2884
2885
2893
2894
2895
2902
2903
2912
2913
2914
2915
2920
2921
2922
2923
2924
2926
2927
2928
2931
2934
2935
2940
2941
2944
2945
2946
2947
2949
2950
2951
2952
2953
2954
2955
2964
2965
2987
2994
2995
2999
3000
3001
3009
3010
3022
3023
3027
3028
3035
3036
3052
3053
3057
3059
3060
3061
3062
3063
3064
3071
3072
3075
3084
3085
3086
3087
3088
3089
3090
3091
3092
3093
3094
3097
3098
3099
3108
3109
3110
3111
3112
3113
3114
3115
3116
3117
3118
3119
3120
3121
3122
3124
3126
3129
3131
3133
3134
3135
3141
3142
3143
3144
3145
3148
3149
3150
3151
3152
3153
3154
3155
3156
3161
3162
3163
3165
3166
3167
3168
3178
3179
3181
3183
3185
3186
3187
3189
3193
3203
3204
3205
3206
3207
3210
3214
3215
3216
3224
3225
3239
3240
3247
3248
3249
3263
3268
3269
3278
3282
3283
3284
3297
3298
3299
3300
3301
3302
3303
3309
3317
3318
3319
3320
3323
3324
3326
3327
3329
3333
3334
3335
3336
3343
3344
3345
3346
3350
3354
3355
3360
3361
3362
3363
3364
3365
3366
3367
3368
3369
3372
3374
3375
3376
3377
3378
3379
3380
3381
3382
3383
3386
3387
3392
3393
3394
3395
3396
3397
3398
3399
3400
3401
3402
3404
3405
3406
3407
3410
3411
3412
3415
3417
3425
3429
3430
3431
3432
3433
3434
3435
3437
3438
3439
3440
3444
3447
3449
3450
3459
3460
3462
3465
3466
3467
3468
3472
3473
3475
3478
3480
3484
3487
3488
3489
3492
3493
3494
3495
3496
3498
3501
3503
3504
3512
3517
3519
3520
3521
3522
3524
3525
3526
3537
3539
3540
3541
3542
3543
3545
3546
3548
3549
3550
3551
3552
3555
3558
3561
3562
3566
3567
3568
3569
3570
3571
3572
3573
3574
3575
3578
3579
3581
3582
3583
3584
3585
3587
3588
3593
3597
3598
3599
3603
3604
3605
3607
3608
3609
3610
3611
3614
3617
3620
3621
3622
3624
3625
3630
3631
3632
3633
3634
3635
3636
3637
3638
3639
3640
3642
3643
3646
3647
3648
3649
3650
3651
3653
3656
3657
3658
3659
3660
3661
3662
3663
3664
3665
3666
3667
3668
3669
3670
3671
3672
3673
3674
3675
3676
3677
3678
3679
3680
3681
3682
3684
3685
3687
3688
3689
3690
3691
3692
3693
3694
3695
3696
3697
3698
3699
3700
3701
3706
3707
3709
3711
3712
3714
3719
3720
3723
3724
3725
3726
3727
3728
3729
3730
3732
3733
3734
3735
3742
3743
3744
3745
3746
3754
3757
3766
3767
3768
3769
3772
3773
3780
3781
3782
3783
3784
3785
3787
3788
3789
3790
3791
3794
3795
3796
3797
3799
3800
3801
3802
3804
3805
3806
3807
3808
3809
3810
3811
3812
3818
3826
3828
3829
3830
3831
3832
3844
3845
3851
3852
3853
3854
3860
3864
3865
3866
3867
3868
3872
3873
3874
3875
3878
3879
3880
3882
3883
3889
3896
3897
3899
3900
3901
3903
3904
3905
3906
3907
3910
3911
3912
3913
3914
3915
3916
3917
3918
3919
3920
3921
3922
3925
3928
3929
3930
3931
3932
3933
3935
3936
3937
3938
3939
3941
3942
3943
3944
3945
3946
3947
3949
3950
3951
3955
3956
3958
3959
3960
3961
3962
3964
3965
3966
3967
3969
3970
3972
3975
3978
3983
3984
3985
3987
3990
3991
3992
3993
3994
3995
3999
4001
4004
4005
4006
4008
4011
4012
4013
4014
4015
4016
4019
4021
4022
4023
4024
4026
4028
4029
4031
4032
4035
4036
4038
4044
4045
4046
4047
4048
4049
4052
4053
4058
4059
4060
4065
4066
4067
4068
4070
4071
4072
4073
4074
4075
4077
4078
4079
4080
4081
4082
4083
4085
4086
4087
4088
4089
4090
4091
4093
4095
4098
4100
4103
4104
4105
4106
4107
4108
4109
4110
4111
4112
4113
4114
4115
4116
4117
4118
4119
4120
4121
4124
4125
4127
4128
4129
4130
4131
4134
4136
4138
4139
4141
4142
4143
4144
4145
4148
4152
4153
4154
4160
4161
4162
4163
4164
4166
4168
4169
4170
4171
4172
4173
4175
4176
4177
4178
4179
4180
4184
4185
4188
4189
4191
4192
4195
4196
4197
4198
4201
4202
4203
4205
4206
4207
4208
4209
4210
4215
4216
4217
4223
4224
4225
4226
4227
4228
4229
4241
4242
4245
4246
4247
4248
4251
4253
4254
4255
4256
4260
4261
4262
4265
4267
4268
4270
4271
4274
4275
4278
4279
4282
4289
4290
4291
4292
4293
4297
4302
4303
4306
4307
4308
4313
4316
4317
4319
4320
4321
4324
4325
4329
4330
4331
4335
4340
4371
4372
4373
4378
4388
4389
4393
4397
4398
4401
4402
4403
4407
4408
4422
4424
4426
4427
4430
4431
4432
4433
4441
4448
4449
4450
4451
4452
4453
4454
4455
4456
4457
4459
4460
4463
4464
4469
4470
4473
4480
4481
4484
4488
4489
4490
4491
4493
4494
4498
4499
4500
4501
4502
4503
4504
4507
4510
4511
4512
4513
4514
4515
4516
4517
4518
4519
4520
4521
4522
4523
4524
4528
4529
4530
4531
4533
4536
4537
4538
4539
4541
4543
4544
4545
4546
4548
4550
4551
4553
4554
4555
4556
4557
4558
4559
4560
4561
4567
4569
4570
4571
4573
4574
4575
4577
4582
4584
4585
4586
4587
4588
4590
4591
4592
4593
4595
4596
4598
4602
4603
4604
4605
4606
4607
4608
4609
4610
4611
4612
4613
4614
4615
4621
4622
4623
4624
4625
4626
4627
4628
4629
4630
4631
4632
4633
4634
4635
4636
4637
4638
4639
4640
4641
4642
4643
4644
4645
4646
4647
4648
4649
4650
4651
4652
4653
4654
4655
4656
4657
4658
4659
4660
4661
4662
4667
4669
4672
4673
4674
4675
4676
4677
4678
4679
4680
4681
4682
4683
4684
4685
4686
4687
4688
4689
4690
4691
4692
4693
4694
4695
4696
4697
4698
4699
4701
4702
4703
4704
4705
4706
4708
4709
4710
4711
4712
4714
4715
4716
4717
4718
4719
4720
4722
4723
4725
4726
4727
4728
4729
4730
4731
4732
4733
4737
4738
4739
4740
4741
4742
4743
4744
4745
4749
4750
4751
4752
4753
4758
4759
4760
4767
4768
4776
4780
4781
4782
4783
4784
4785
4786
4787
4788
4789
4790
4791
4792
4793
4794
4795
4796
4797
4798
4799
4800
4801
4802
4803
4804
4805
4806
4807
4808
4809
4810
4811
4812
4813
4814
4815
4816
4817
4818
4819
4820
4821
4822
4823
4824
4825
4826
4827
4828
4829
4830
4831
4832
4833
4834
4835
4836
4837
4838
4839
4840
4842
4843
4844
4845
4851
4852
4853
4854
4855
4856
4857
4858
4859
4863
4864
4865
4866
4867
4870
4871
4872
4873
4874
4875
4876
4879
4880
4881
4883
4884
4885
4886
4887
4888
4889
4890
4891
4892
4893
4894
4895
4896
4897
4898
4899
4900
4901
4902
4903
4904
4906
4907
4908
4912
4913
4914
4915
4916
4917
4918
4919
4920
4921
4922
4923
4924
4925
4926
4927
4928
4929
4930
4931
4932
4934
4937
4938
4939
4941
4942
4943
4945
4946
4947
4948
4949
4950
4951
4952
4958
4959
4960
4961
4962
4963
4964
4965
4966
4967
4970
4972
4973
4974
4975
4976
4977
4978
4979
4980
4981
4982
4983
4984
4985
4986
4987
4988
4989
4990
4991
4992
4993
4994
4996
4997
4998
4999
5000
5001
5002
5003
5004
5006
5007
5008
5009
5011
5013
5014
5015
5017
5018
5019
5021
5022
5023
5024
5025
5026
5027
5028
5029
5030
5031
5032
5033
5034
5035
5037
5038
5039
5040
5041
5042
5043
5044
5045
5046
5047
5048
5049
5050
5051
5052
5053
5054
5055
5056
5057
5058
5059
5060
5061
5062
5063
5064
5065
5066
5067
5068
5069
5070
5077
5078
5079
5080
5081
5082
5083
5084
5085
5086
5087
5088
5091
5093
5094
5096
5097
5098
5099
5100
5101
5102
5103
5104
5105
5106
5107
5108
5109
5110
5111
5112
5113
5114
5115
5116
5117
5118
5119
5120
5121
5122
5123
5124
5125
5126
5127
5128
5129
5130
5131
5132
5133
5134
5135
5136
5137
5138
5139
5140
5141
5142
5143
5145
5146
5147
5148
5149
5150
5151
5152
5153
5154
5155
5157
5158
5159
5160
5161
5162
5163
5164
5165
5166
5167
5169
5170
5171
5172
5173
5174
5175
5177
5178
5179
5182
5184
5186
5188
5190
5191
5192
5193
5195
5197
5198
5199
5201
5205
5206
5207
5208
5212
5213
5214
5215
5217
5218
5223
5224
5225
5226
5227
5228
5229
5232
5233
5234
5236
5238
5239
5240
5241
5242
5243
5244
5245
5248
5249
5250
5252
5253
5254
5255
5256
5257
5258
5259
5260
5261
5262
5264
5265
5266
5269
5270
5271
5272
5273
5275
5276
5278
5279
5280
5281
5282
5283
5286
5287
5288
5289
5290
5291
5292
5293
5295
5296
5298
5299
5301
5302
5303
5304
5305
5306
5308
5309
5311
5313
5316
5317
5318
5320
5322
5323
5324
5325
5327
5332
5333
5336
5337
5338
5339
5340
5341
5342
5343
5349
5350
5351
5352
5353
5354
5355
5356
5357
5358
5359
5360
5361
5363
5364
5365
5366
5369
5370
5373
5374
5375
5376
5377
5378
5381
5382
5383
5385
5386
5387
5388
5390
5391
5393
5395
5396
5397
5398
5399
5400
5402
5403
5404
5405
5406
5407
5408
5411
5416
5420
5421
5422
5423
5425
5426
5429
5430
5433
5434
5435
5436
5437
5438
5439
5440
5441
5442
5443
5452
5453
5454
5455
5456
5457
5458
5459
5460
5461
5462
5463
5464
5465
5466
5467
5468
5469
5470
5471
5472
5473
5474
5475
5477
5478
5479
5480
5481
5482
5486
5487
5489
5490
5491
5496
5497
5502
5503
5504
5505
5506
5512
5513
5514
5515
5516
5517
5518
5519
5520
5521
5522
5523
5524
5525
5527
5528
5529
5531
5532
5535
5536
5537
5538
5539
5540
5542
5543
5544
5545
5546
5547
5548
5549
5554
5555
5556
5562
5563
5564
5565
5566
5568
5571
5572
5573
5574
5577
5578
5579
5580
5581
5582
5583
5584
5585
5586
5587
5588
5589
5590
5591
5592
5593
5594
5595
5596
5597
5598
5601
5602
5603
5604
5605
5606
5607
5608
5609
5610
5611
5612
5613
5614
5615
5616
5617
5618
5619
5620
5621
5622
5627
5628
5629
5631
5633
5634
5639
5640
5641
5642
5643
5644
5645
5646
5647
5648
5649
5658
5662
5663
5664
5666
5667
5668
5669
5671
5672
5674
5676
5677
5678
5686
5687
5688
5689
5690
5691
5692
5693
5694
5695
5696
5697
5699
5700
5701
5702
5703
5704
5705
5706
5707
5710
5711
5712
5716
5717
5724
5725
5729
5730
5731
5732
5733
5734
5735
5736
5737
5738
5742
5743
5744
5745
5746
5747
5748
5749
5751
5753
5754
5755
5756
5757
5758
5759
5760
5761
5762
5763
5764
5765
5766
5769
5770
5771
5772
5773
5774
5775
5776
5777
5778
5779
5780
5781
5782
5783
5784
5785
5786
5787
5788
5789
5790
5791
5792
5793
5794
5796
5798
5800
5802
5804
5810
5811
5812
5813
5814
5815
5816
5823
5824
5825
5826
5827
5829
5830
5832
5833
5834
5837
5838
5840
5842
5846
5852
5859
5862
5864
5866
5867
5868
5869
5873
5874
5875
5879
5880
5881
5882
5883
5884
5885
5886
5890
5891
5892
5893
5894
5895
5896
5897
5898
5900
5901
5902
5903
5904
5905
5906
5907
5908
5909
5910
5911
5912
5913
5914
5915
5917
5929
5930
5931
5932
5933
5934
5939
5940
5941
5942
5943
5944
5945
5946
5947
5948
5949
5953
5954
5955
5956
5957
5958
5959
5960
5961
5962
5966
5967
5968
5986
5993
6002
6006
6012
6015
6016
6017
6018
6020
6021
6024
6026
6033
6036
6061
