8
10
18
20
23
26
28
29
30
49
54
55
77
80
81
82
87
92
93
94
96
123
127
134
136
137
139
148
158
172
174
180
181
183
187
188
193
203
207
210
211
213
218
219
220
224
226
228
229
231
233
234
235
246
248
249
256
258
259
261
267
272
275
277
278
282
283
285
287
288
289
293
294
297
298
301
311
314
315
316
320
321
332
334
335
336
338
339
340
341
342
345
346
349
350
351
354
356
358
362
372
387
398
399
407
409
415
419
421
423
426
429
430
432
439
440
443
444
446
447
449
451
467
468
469
470
472
475
476
481
485
486
487
494
495
498
507
508
509
511
514
515
516
518
519
523
525
526
528
531
536
539
541
542
551
556
558
568
569
570
572
575
577
578
580
585
588
589
590
591
597
600
601
602
604
605
606
610
611
614
615
618
620
622
624
625
626
628
630
632
635
636
639
640
645
647
648
649
652
656
658
659
662
664
666
667
668
671
675
676
678
682
683
685
687
688
690
691
692
693
695
696
698
701
703
704
705
707
710
712
713
716
717
719
720
721
722
723
724
725
728
730
731
732
733
734
738
739
740
741
742
743
747
752
753
754
755
756
757
758
761
762
763
764
765
766
768
769
770
771
773
774
777
779
783
784
785
788
789
790
791
792
793
794
796
797
798
799
800
803
804
805
806
807
808
811
812
813
814
815
817
818
822
823
824
827
828
829
837
841
842
843
844
845
846
847
848
850
851
852
858
859
863
864
866
867
868
869
874
875
876
877
878
879
880
881
883
884
885
886
888
891
892
893
894
895
896
897
898
899
900
901
902
903
904
905
908
909
911
912
913
914
915
916
917
918
919
920
921
924
925
926
927
928
929
930
931
932
933
934
935
937
938
939
941
942
943
950
951
952
953
954
955
956
957
958
959
961
962
963
964
965
966
967
968
969
970
971
973
974
975
976
977
978
979
980
981
982
983
984
985
986
987
988
989
990
991
992
995
996
1001
1002
1003
1004
1005
1006
1007
1008
1009
1010
1011
1012
1013
1014
1015
1016
1017
1018
1021
1022
1023
1024
1026
1027
1028
1029
1030
1032
1036
1037
1039
1040
1041
1042
1043
1044
1045
1046
1047
1048
1049
1050
1051
1052
1053
1054
1055
1056
1057
1058
1059
1060
1061
1062
1063
1064
1065
1067
1068
1069
1071
1072
1073
1074
1075
1076
1077
1078
1082
1085
1087
1088
1089
1091
1092
1093
1094
1095
1096
1097
1098
1099
1100
1101
1102
1103
1104
1105
1106
1108
1111
1112
1113
1114
1119
1120
1121
1126
1127
1128
1131
1133
1134
1135
1136
1137
1138
1140
1142
1143
1144
1149
1151
1152
1154
1162
1164
1165
1168
1169
1170
1171
1172
1173
1174
1175
1178
1179
1180
1181
1182
1184
1185
1186
1187
1188
1189
1190
1192
1193
1194
1195
1196
1198
1199
1200
1201
1204
1205
1206
1207
1208
1214
1215
1217
1218
1219
1220
1226
1232
1233
1236
1237
1238
1239
1240
1241
1242
1243
1245
1246
1248
1249
1250
1251
1252
1253
1254
1257
1260
1261
1266
1267
1268
1269
1271
1275
1278
1279
1280
1282
1283
1285
1291
1292
1293
1296
1297
1298
1299
1300
1301
1302
1303
1304
1305
1306
1307
1308
1309
1310
1311
1312
1314
1315
1316
1317
1323
1324
1326
1333
1334
1338
1339
1341
1342
1346
1348
1349
1350
1351
1354
1355
1358
1359
1360
1362
1364
1365
1366
1367
1369
1370
1371
1372
1373
1374
1377
1381
1382
1385
1387
1388
1389
1390
1391
1392
1393
1394
1395
1396
1397
1398
1400
1407
1409
1412
1413
1416
1418
1419
1425
1431
1433
1434
1435
1443
1444
1445
1446
1447
1452
1453
1454
1457
1460
1461
1465
1466
1468
1472
1475
1476
1478
1480
1486
1495
1496
1498
1499
1501
1502
1503
1506
1508
1510
1511
1512
1515
1528
1537
1540
1541
1545
1546
1548
1551
1556
1559
1560
1570
1574
1575
1578
1579
1580
1581
1582
1584
1587
1588
1593
1594
1597
1602
1603
1606
1610
1616
1617
1618
1620
1631
1633
1634
1637
1638
1640
1647
1648
1649
1650
1652
1653
1654
1660
1661
1662
1665
1667
1668
1669
1670
1671
1673
1674
1675
1679
1690
1693
1694
1695
1696
1697
1698
1702
1712
1718
1720
1721
1722
1728
1729
1731
1738
1743
1744
1745
1747
1748
1749
1750
1751
1752
1753
1755
1757
1759
1760
1769
1770
1773
1775
1781
1782
1787
1788
1790
1792
1793
1800
1814
1815
1820
1823
1824
1825
1826
1827
1828
1829
1832
1834
1835
1840
1841
1845
1846
1847
1849
1850
1858
1873
1874
1881
1884
1885
1887
1892
1901
1902
1904
1905
1912
1928
1930
1931
1934
1942
1943
1949
1953
1954
1955
1956
1957
1961
1974
1981
1982
1986
1987
1991
1993
1994
2003
2004
2014
2015
2016
2018
2027
2030
2032
2033
2034
2035
2042
2043
2045
2046
2054
2055
2056
2057
2059
2060
2064
2068
2069
2070
2071
2086
2088
2089
2090
2092
2093
2099
2101
2102
2103
2107
2111
2118
2119
2125
2126
2132
2138
2139
2140
2141
2155
2161
2162
2163
2182
2183
2188
2195
2200
2216
2217
2224
2228
2230
2235
2272
2273
2274
2281
2282
2288
2289
2297
2303
2304
2314
2327
2331
2332
2341
2342
2370
2371
2382
2383
2387
2389
2390
2391
2392
2393
2402
2403
2414
2424
2427
2436
2437
2449
2451
2454
2455
2457
2482
2484
2485
2503
2508
2509
2510
2513
2514
2517
2518
2523
2525
2530
2531
2533
2540
2541
2542
2545
2546
2547
2548
2553
2554
2557
2560
2566
2570
2573
2580
2584
2588
2594
2595
2598
2607
2610
2611
2612
2619
2621
2626
2629
2630
2631
2632
2641
2649
2656
2658
2660
2671
2672
2682
2695
2696
2697
2699
2700
2701
2713
2714
2717
2718
2719
2722
2723
2727
2728
2731
2736
2741
2743
2745
2746
2749
2750
2751
2752
2755
2756
2770
2773
2774
2781
2782
2785
2790
2791
2792
2793
2794
2796
2797
2802
2803
2805
2807
2808
2809
2810
2811
2813
2815
2816
2817
2818
2819
2820
2821
2825
2827
2828
2830
2831
2832
2835
2836
2842
2843
2846
2847
2850
2851
2852
2853
2854
2856
2857
2859
2860
2861
2862
2863
2864
2865
2866
2871
2873
2874
2876
2877
2878
2879
2880
2881
2882
2883
2884
2885
2886
2887
2890
2891
2892
2893
2894
2896
2897
2901
2903
2904
2905
2906
2908
2909
2910
2912
2915
2916
2917
2918
2920
2923
2924
2934
2936
2937
2938
2939
2940
2941
2942
2944
2945
2946
2948
2950
2954
2955
2957
2958
2959
2960
2961
2962
2963
2964
2965
2967
2968
2970
2971
2973
2974
2975
2976
2977
2978
2979
2980
2981
2982
2984
2986
2987
2988
2989
2990
2991
2993
2997
2999
3000
3001
3002
3004
3005
3006
3008
3009
3011
3015
3016
3017
3018
3020
3021
3023
3024
3025
3026
3027
3028
3029
3030
3031
3032
3033
3034
3035
3036
3037
3038
3039
3040
3041
3042
3043
3044
3046
3047
3049
3050
3052
3053
3054
3055
3056
3057
3059
3060
3061
3062
3063
3064
3065
3066
3067
3068
3069
3070
3071
3072
3073
3074
3075
3076
3077
3078
3079
3080
3081
3082
3083
3084
3085
3086
3087
3088
3089
3090
3091
3092
3093
3094
3095
3096
3097
3098
3099
3100
3101
3102
3103
3104
3106
3107
3108
3109
3110
3111
3112
3113
3114
3115
3116
3117
3118
3119
3120
3121
3122
3123
3124
3125
3126
3127
3128
3129
3130
3131
3132
3133
3134
3135
3136
3137
3138
3139
3140
3141
3142
3143
3144
3145
3147
3148
3149
3150
3151
3152
3153
3154
3155
3156
3157
3158
3159
3160
3161
3162
3163
3164
3165
3166
3167
3168
3169
3170
3171
3172
3173
3174
3175
3176
3177
3178
3179
3180
3181
3182
3183
3184
3185
3186
3187
3188
3189
3190
3191
3192
3193
3194
3195
3196
3197
3198
3199
3200
3201
3202
3203
3204
3205
3206
3207
3208
3209
3210
3211
3212
3213
3214
3215
3217
3218
3219
3220
3221
3222
3223
3224
3225
3226
3227
3228
3229
3230
3231
3232
3233
3234
3235
3236
3237
3238
3239
3240
3242
3243
3244
3245
3246
3247
3249
3250
3251
3252
3253
3254
3255
3256
3257
3258
3259
3260
3261
3262
3263
3264
3265
3266
3267
3268
3269
3270
3271
3272
3273
3274
3275
3276
3277
3278
3279
3280
3281
3282
3283
3284
3285
3286
3287
3288
3289
3290
3291
3292
3293
3294
3295
3296
3297
3298
3299
3300
3301
3302
3303
3304
3305
3306
3307
3308
3309
3310
3311
3312
3313
3314
3315
3316
3317
3318
3319
3320
3321
3322
3323
3324
3325
3326
3327
3328
3329
3330
3331
3332
3333
3334
3335
3336
3337
3338
3339
3340
3343
3344
3345
3346
3347
3348
3349
3350
3351
3352
3353
3354
3355
3356
3357
3358
3359
3360
3361
3362
3363
3364
3367
3368
3369
3370
3371
3372
3374
3375
3376
3377
3378
3379
3380
3381
3382
3383
3384
3385
3386
3387
3388
3389
3390
3391
3393
3394
3395
3396
3397
3398
3399
3400
3401
3402
3403
3404
3405
3406
3407
3408
3409
3410
3412
3413
3414
3415
3416
3417
3418
3419
3420
3421
3422
3423
3424
3425
3426
3427
3428
3429
3430
3431
3434
3435
3436
3437
3438
3439
3440
3441
3442
3443
3444
3445
3446
3447
3448
3449
3450
3451
3454
3455
3456
3457
3458
3462
3463
3464
3465
3466
3467
3468
3471
3474
3475
3476
3477
3478
3479
3480
3482
3483
3484
3485
3488
3489
3490
3493
3494
3495
3496
3500
3505
3508
3510
3511
3512
3513
3514
3515
3516
3517
3518
3523
3524
3527
3530
3531
3532
3534
3535
3540
3541
3542
3543
3544
3550
3553
3556
3558
3560
3567
3571
3573
3575
3576
3578
3579
3580
3581
3582
3583
3584
3585
3588
3591
3592
3598
3599
3600
3603
3604
3605
3612
3613
3614
3615
3616
3617
3618
3619
3620
3624
3625
3626
3627
3628
3629
3630
3631
3632
3633
3634
3635
3636
3637
3640
3645
3647
3652
3662
3663
3664
3670
3671
3672
3673
3675
3676
3678
3680
3682
3687
3688
3690
3691
3692
3693
3697
3699
3700
3705
3708
3709
3719
3723
3724
3725
3726
3732
3734
3736
3737
3738
3739
3740
3741
3745
3746
3747
3748
3749
3751
3752
3756
3757
3758
3759
3760
3761
3763
3766
3767
3768
3769
3770
3771
3772
3779
3781
3782
3785
3786
3787
3788
3789
3790
3791
3792
3793
3794
3795
3796
3797
3799
3801
3802
3803
3804
3805
3806
3807
3810
3811
3813
3814
3816
3817
3818
3819
3820
3821
3822
3824
3825
3826
3827
3828
3829
3833
3834
3836
3837
3838
3842
3843
3844
3845
3846
3847
3848
3849
3850
3851
3852
3853
3861
3865
3868
3869
3870
3871
3872
3873
3874
3875
3876
3877
3878
3879
3880
3881
3883
3884
3885
3886
3887
3888
3889
3890
3891
3892
3893
3894
3895
3896
3897
3898
3899
3900
3901
3902
3903
3904
3905
3906
3907
3908
3909
3910
3911
3912
3913
3914
3915
3916
3917
3918
3919
3920
3921
3922
3923
3924
3925
3926
3927
3928
3929
3930
3931
3932
3933
3934
3935
3936
3937
3938
3939
3940
3941
3942
3943
3944
3945
3946
3947
3948
3949
3950
3951
3952
3953
3954
3955
3956
3957
3958
3959
3960
3961
3962
3963
3964
3965
3966
3967
3968
3969
3970
3971
3972
3973
3974
3975
3976
3977
3978
3979
3980
3981
3982
3983
3984
3985
3986
3987
3988
3989
3990
3991
3992
3993
3994
3995
3996
3997
3998
3999
4000
4001
4002
4003
4004
4005
4006
4007
4008
4009
4010
4011
4012
4013
4014
4015
4016
4017
4018
4019
4020
4021
4022
4023
4024
4025
4026
4027
4028
4029
4030
4031
4032
4033
4034
4035
4036
4037
4038
4039
4040
4041
4042
4043
4044
4045
4046
4047
4048
4049
4050
4051
4052
4053
4054
4055
4056
4057
4058
4059
4060
4061
4062
4063
4064
4065
4066
4067
4068
4069
4070
4071
4072
4073
4074
4075
4076
4077
4078
4079
4080
4081
4082
4083
4084
4085
4086
4087
4088
4089
4090
4091
4092
4093
4094
4095
4096
4097
4098
4099
4100
4101
4102
4103
4104
4105
4106
4107
4108
4109
4110
4111
4112
4113
4114
4115
4116
4117
4118
4119
4120
4121
4122
4123
4124
4125
4126
4127
4128
4129
4130
4131
4132
4133
4134
4135
4136
4137
4138
4139
4140
4141
4142
4143
4144
4145
4146
4147
4148
4149
4150
4151
4152
4153
4154
4155
4156
4157
4158
4159
4160
4161
4162
4163
4164
4165
4166
4167
4168
4169
4170
4171
4172
4173
4174
4175
4176
4177
4178
4179
4180
4181
4182
4183
4184
4185
4186
4187
4188
4189
4190
4191
4192
4193
4194
4195
4196
4197
4198
4199
4200
4201
4202
4203
4204
4205
4206
4207
4208
4209
4210
4211
4212
4213
4214
4215
4216
4217
4218
4219
4220
4221
4222
4223
4224
4225
4226
4227
4228
4229
4230
4231
4232
4233
4234
4235
4236
4237
4238
4239
4240
4241
4242
4243
4244
4245
4246
4247
4248
4249
4250
4251
4252
4253
4254
4255
4256
4257
4258
4259
4260
4261
4262
4263
4264
4265
4266
4267
4268
4269
4270
4271
4272
4273
4274
4275
4276
4277
4278
4279
4280
4281
4282
4283
4284
4285
4286
4287
4288
4289
4290
4291
4292
4293
4294
4295
4296
4297
4298
4299
4300
4301
4302
4303
4304
4305
4306
4307
4308
4309
4310
4311
4312
4313
4314
4315
4316
4317
4318
4319
4320
4321
4322
4323
4324
4325
4326
4327
4328
4329
4330
4331
4332
4333
4334
4335
4336
4337
4338
4339
4340
4341
4342
4343
4344
4345
4346
4347
4348
4349
4350
4351
4352
4353
4356
4359
4362
