0
5
8
9
10
11
12
15
17
21
22
25
28
31
32
33
34
36
37
38
40
41
45
46
47
49
50
51
52
54
55
56
57
58
59
62
63
67
68
69
70
71
73
74
75
76
77
78
80
81
84
85
86
87
89
90
91
92
93
94
95
96
99
100
101
102
103
105
106
107
108
109
110
111
114
115
116
117
118
119
120
121
122
123
124
125
126
127
128
129
130
131
132
133
134
135
136
137
138
139
140
141
146
147
148
149
150
151
152
153
154
155
156
157
158
159
160
161
163
164
165
166
167
168
169
170
171
172
173
174
175
176
177
178
181
182
184
185
186
187
188
189
190
191
193
194
195
197
198
199
200
201
202
203
204
207
208
209
210
211
212
213
214
215
216
217
218
219
221
222
223
224
225
226
227
228
229
230
231
232
233
234
235
236
237
238
239
242
243
244
245
246
247
248
249
250
251
253
254
255
256
257
259
260
261
263
264
265
266
267
270
271
272
273
274
275
276
277
278
279
280
281
282
283
284
285
286
289
290
291
292
293
294
295
296
297
298
299
300
301
302
303
304
305
306
307
308
309
310
311
313
314
315
316
317
318
319
320
321
322
323
324
325
327
328
329
330
331
332
333
334
335
336
338
341
342
344
345
347
348
349
350
351
352
353
354
355
356
357
358
359
360
361
362
363
364
365
366
367
368
369
370
371
372
373
374
375
376
377
378
379
380
381
382
383
384
385
386
387
388
389
390
391
392
393
394
395
396
397
398
399
400
401
402
403
404
405
406
407
408
409
410
411
412
413
414
415
416
417
418
419
420
421
422
423
424
425
426
427
428
429
430
431
432
433
434
435
436
437
438
439
440
441
442
443
444
445
446
447
448
449
450
451
452
453
454
455
456
457
458
459
460
461
462
463
464
465
466
467
468
469
470
471
472
473
474
475
476
477
478
479
480
481
482
483
484
485
486
487
488
489
490
491
492
493
494
495
496
497
498
499
500
501
502
503
504
505
506
507
508
509
510
511
512
513
514
515
516
517
518
519
520
521
522
523
524
525
526
527
528
529
530
531
532
533
534
535
536
537
538
539
540
541
542
543
544
545
546
547
548
549
550
551
552
553
554
555
556
557
558
559
560
561
562
563
564
565
566
567
568
569
570
571
572
573
574
575
576
577
578
579
580
581
582
583
584
585
586
587
588
589
590
591
592
593
594
595
596
597
598
599
600
601
602
603
604
605
606
607
608
609
610
611
612
613
614
615
616
617
618
619
620
621
622
623
624
625
626
627
628
629
630
631
632
633
634
635
636
637
638
639
640
641
642
643
644
645
646
647
648
649
650
651
652
653
654
655
656
657
658
659
660
661
662
663
664
665
666
667
668
669
670
671
672
673
674
675
676
677
678
679
680
681
682
683
684
685
686
687
688
691
695
697
702
711
712
713
719
720
721
722
723
724
725
726
727
728
732
734
736
738
739
742
748
749
750
751
757
759
760
761
762
763
764
765
766
767
768
769
770
771
772
773
774
775
778
781
782
783
784
785
786
787
788
789
790
791
792
793
794
795
796
797
798
799
800
801
807
809
811
814
816
817
818
820
822
826
827
832
833
835
842
843
844
845
846
847
848
849
850
859
863
864
866
871
872
875
877
879
880
881
882
883
884
885
886
887
889
892
894
897
898
899
903
910
911
914
915
916
917
918
919
920
928
930
931
932
933
940
948
951
958
959
962
968
969
977
980
981
982
995
996
998
1004
1006
1009
1011
1012
1014
1019
1020
1024
1028
1032
1033
1034
1037
1040
1045
1046
1047
1048
1052
1054
1059
1062
1063
1068
1077
1084
1085
1093
1094
1097
1099
1102
1103
1109
1112
1116
1117
1118
1122
1124
1125
1127
1133
1143
1149
1150
1152
1154
1155
1158
1161
1162
1163
1166
1172
1173
1175
1176
1177
1178
1182
1187
1188
1192
1193
1195
1196
1199
1201
1203
1204
1205
1207
1211
1212
1215
1217
1218
1219
1220
1221
1222
1223
1224
1227
1228
1230
1232
1234
1238
1239
1240
1241
1242
1245
1252
1257
1258
1260
1265
1266
1268
1270
1274
1275
1277
1284
1285
1287
1290
1292
1294
1295
1300
1301
1308
1309
1310
1311
1312
1313
1314
1316
1319
1322
1327
1330
1331
1339
1343
1347
1348
1351
1352
1355
1356
1357
1359
1360
1366
1369
1373
1374
1378
1379
1380
1381
1382
1383
1384
1385
1386
1387
1388
1389
1390
1391
1392
1393
1394
1395
1396
1397
1398
1399
1400
1401
1402
1403
1404
1406
1407
1411
1415
1416
1417
1418
1419
1420
1423
1430
1432
1437
1438
1440
1441
1445
1446
1448
1450
1451
1454
1455
1458
1459
1463
1464
1467
1476
1477
1478
1479
1480
1481
1482
1487
1489
1490
1495
1497
1499
1500
1501
1502
1512
1520
1522
1523
1526
1527
1530
1535
1536
1542
1543
1548
1549
1550
1556
1557
1558
1559
1570
1571
1574
1575
1579
1580
1581
1582
1587
1588
1589
1590
1591
1592
1593
1594
1595
1596
1597
1600
1602
1604
1609
1612
1613
1614
1615
1616
1617
1621
1623
1628
1630
1631
1633
1634
1636
1640
1641
1642
1643
1644
1648
1653
1654
1655
1656
1658
1659
1664
1667
1668
1669
1670
1672
1673
1674
1675
1679
1682
1683
1686
1690
1691
1692
1693
1694
1695
1696
1697
1698
1699
1700
1701
1702
1703
1704
1705
1706
1707
1708
1709
1710
1711
1712
1713
1714
1715
1716
1717
1718
1719
1720
1721
1722
1723
1724
1726
1727
1728
1731
1732
1741
1754
1756
1759
1764
1765
1772
1783
1791
1792
1794
1796
1797
1808
1820
1821
1834
1837
1859
1861
1865
1869
1941
1997
1999
2037
2039
2043
2046
2049
