39
40
41
53
77
78
79
80
82
94
95
96
100
102
114
121
124
129
148
150
203
209
210
217
219
233
234
258
259
260
264
274
276
298
299
300
321
324
333
338
340
361
362
363
364
365
371
373
387
388
389
390
414
415
424
453
455
456
457
459
463
469
471
477
479
483
484
486
488
489
494
498
502
513
514
515
520
522
523
534
559
564
567
569
570
612
614
615
632
633
723
724
725
726
738
740
745
746
747
762
801
831
832
844
879
880
881
903
925
937
946
970
986
1023
1024
1025
1033
1058
1064
1077
1083
1099
1103
1104
1116
1140
1183
1231
1241
1244
1252
1259
1283
1287
1300
1301
1308
1318
1328
1329
1331
1338
1342
1375
1377
1396
1447
1448
1450
1465
1466
1467
1469
1478
1509
1510
1512
1515
1517
1518
1519
1520
1521
1522
1524
1527
1531
1532
1534
1541
1542
1543
1545
1546
1547
1548
1549
1551
1552
1554
1557
1560
1561
1562
1564
1565
1566
1568
1570
1573
1574
1575
1576
1578
1579
1580
1581
1582
1585
1587
1588
1590
1591
1592
1593
1595
1596
1598
1599
1600
1602
1605
1606
1609
1611
1612
1613
1614
1615
1617
1618
1620
1622
1623
1624
1626
1627
1628
1632
1633
1636
1637
1638
1643
1646
1648
1649
1650
1651
1653
1654
1656
1657
1658
1660
1661
1662
1664
1665
1667
1668
1670
1671
1672
1673
1675
1676
1678
1679
1680
1681
1683
1684
1685
1688
1690
1694
1695
1696
1697
1698
1700
1704
1705
1708
1709
1710
1711
1712
1714
1719
1720
1721
1722
1723
1724
1727
1728
1731
1732
1733
1735
1736
1737
1738
1739
1742
1745
1746
1747
1748
1749
1750
1754
1755
1756
1758
1759
1761
1762
1763
1764
1766
1768
1769
1773
1774
1775
1776
1777
1779
1780
1781
1785
1786
1787
1790
1792
1793
1794
1795
1797
1798
1800
1801
1803
1804
1807
1810
1811
1813
1814
1815
1817
1818
1823
1824
1825
1826
1827
1828
1829
1830
1836
1837
1838
1839
1840
1841
1842
1843
1844
1845
1847
1851
1854
1857
1858
1859
1860
1862
1863
1866
1867
1868
1869
1870
1871
1873
1874
1875
1876
1881
1882
1883
1884
1885
1886
1887
1889
1890
1891
1895
1896
1897
1898
1901
1903
1904
1905
1906
1907
1908
1909
1910
1913
1914
1915
1917
1918
1919
1920
1921
1922
1923
1925
1926
1927
1928
1929
1930
1931
1932
1933
1934
1936
1937
1940
1941
1946
1947
1948
1949
1950
1951
1952
1953
1955
1956
1957
1958
1959
1960
1961
1962
1963
1964
1965
1966
1968
1969
1970
1971
1972
1973
1974
1975
1976
1981
1982
1985
1986
1987
1988
1989
1990
1991
1992
1995
1996
1997
1998
1999
2000
2001
2003
2004
2005
2009
2010
2011
2012
2013
2014
2020
2021
2022
2023
2026
2028
2029
2032
2037
2042
2043
2046
2047
2048
2049
2051
2052
2053
2055
2057
2059
2060
2061
2063
2064
2066
2067
2068
2069
2070
2071
2072
2073
2074
2075
2076
2077
2078
2080
2082
2083
2085
2086
2088
2089
2091
2092
2093
2098
2099
2100
2101
2102
2104
2106
2108
2110
2111
2112
2114
2115
2116
2117
2122
2124
2125
2126
2127
2129
2131
2134
2135
2136
2138
2139
2142
2143
2146
2147
2148
2149
2150
2152
2153
2155
2156
2157
2158
2159
2161
2162
2163
2164
2165
2166
2167
2168
2169
2170
2171
2172
2173
2174
2175
2176
2177
2178
2179
2180
2181
2182
2186
2187
2188
2189
2190
2191
2192
2193
2194
2195
2198
2199
2202
2205
2206
2207
2208
2209
2210
2211
2213
2214
2216
2218
2219
2220
2222
2224
2226
2227
2230
2232
2233
2234
2236
2239
2240
2241
2242
2243
2244
2245
2246
2247
2248
2249
2250
2251
2252
2253
2254
2255
2256
2257
2258
2259
2260
2261
2262
2263
2264
2265
2266
2267
2268
2269
2270
2271
2272
2273
2274
2275
2276
2277
2279
2282
2283
2285
2286
2287
2288
2289
2290
2291
2292
2293
2294
2295
2296
2297
2298
2299
2300
2301
2302
2303
2304
2305
2307
2308
2309
2310
2311
2312
2313
2314
2315
2316
2317
2318
2319
2321
2322
2323
2325
2326
2327
2334
2335
2336
2337
2338
2339
2340
2341
2343
2344
2345
2349
2350
2351
2352
2353
2355
2356
2357
2358
2359
2360
2361
2363
2366
2367
2368
2369
2370
2372
2373
2374
2375
2376
2377
2378
2379
2380
2381
2382
2383
2386
2388
2389
2390
2391
2392
2393
2394
2395
2396
2397
2400
2401
2402
2403
2404
2405
2406
2409
2411
2412
2413
2414
2415
2416
2417
2418
2419
2420
2421
2424
2425
2426
2427
2428
2431
2432
2433
2434
2435
2436
2437
2438
2439
2440
2441
2442
2443
2445
2446
2447
2448
2454
2455
2456
2457
2460
2461
2462
2463
2464
2465
2466
2467
2468
2469
2470
2471
2472
2473
2474
2475
2476
2477
2478
2479
2481
2482
2483
2484
2485
2486
2489
2492
2493
2494
2495
2496
2500
2501
2502
2503
2504
2505
2507
2508
2509
2510
2511
2512
2514
2515
2518
2519
2523
2524
2525
2526
2527
2529
2530
2531
2532
2533
2534
2535
2538
2539
2540
2542
2543
2544
2545
2546
2547
2548
2549
2550
2551
2556
2557
2558
2561
2564
2565
2566
2567
2569
2570
2571
2572
2573
2574
2575
2576
2577
2578
2579
2580
2581
2582
2583
2584
2585
2586
2587
2589
2590
2592
2593
2594
2595
2596
2597
2598
2599
2600
2601
2602
2603
2604
2605
2606
2607
2608
2609
2610
2611
2613
2615
2617
2618
2619
2620
2623
2625
2627
2628
2629
2630
2631
2632
2633
2634
2635
2636
2637
2638
2639
2640
2642
2643
2644
2645
2647
2648
2650
2651
2652
2654
2655
2656
2657
2658
2659
2660
2661
2664
2665
2667
2668
2669
2671
2672
2673
2674
2675
2676
2677
2678
2679
2680
2681
2682
2683
2684
2685
2686
2687
2688
2691
2692
2695
2696
2697
2698
2699
2700
2701
2703
2704
2705
2706
2707
2708
2709
2710
2711
2712
2713
2714
2715
2716
2717
2719
2720
2721
2722
2724
2725
2726
2727
2728
2729
2730
2731
2732
2733
2735
2736
2737
2738
2739
2740
2741
2744
2745
2746
2747
2748
2749
2753
2754
2756
2757
2758
2759
2760
2761
2762
2763
2766
2767
2768
2769
2770
2771
2772
2773
2774
2775
2776
2777
2778
2779
2780
2781
2782
2783
2784
2785
2786
2787
2788
2789
2792
2793
2794
2795
2796
2797
2798
2799
2800
2801
2802
2805
2806
2807
2808
2809
2810
2811
2812
2814
2815
2816
2817
2818
2821
2822
2823
2825
2826
2827
2828
2829
2830
2831
2832
2833
2834
2835
2836
2837
2838
2839
2840
2841
2842
2843
2844
2845
2846
2847
2848
2849
2851
2853
2854
2855
2856
2857
2858
2859
2861
2862
2863
2864
2866
2867
2868
2869
2870
2871
2872
2873
2874
2875
2876
2877
2878
2879
2880
2881
2882
2884
2885
2886
2887
2888
2889
2890
2891
2892
2895
2896
2897
2899
2900
2901
2902
2903
2904
2905
2906
2907
2909
2911
2912
2914
2915
2916
2917
2918
2919
2920
2922
2923
2924
2926
2927
2928
2929
2930
2931
2932
2933
2934
2935
2936
2938
2939
2941
2942
2943
2946
2948
2950
2951
2952
2953
2954
2957
2958
2961
2964
2965
2968
2969
2971
2973
2976
2978
2979
2980
2981
2983
2984
2986
2987
2988
2989
2990
2991
2992
2993
2995
2996
2997
2998
2999
3000
3003
3004
3005
3006
3007
3009
3010
3011
3012
3013
3014
3015
3019
3020
3021
3022
3023
3024
3026
3027
3028
3031
3032
3034
3035
3036
3038
3039
3041
3044
3045
3046
3047
3049
3051
3053
3054
3055
3056
3059
3061
3062
3063
3066
3067
3068
3069
3070
3071
3072
3073
3074
3075
3076
3078
3079
3080
3081
3082
3083
3084
3090
3091
3092
3093
3094
3097
3098
3099
3101
3102
3103
3104
3105
3112
3113
3115
3116
3117
3118
3119
3120
3121
3122
3123
3124
3125
3126
3127
3128
3129
3130
3131
3132
3133
3134
3135
3136
3137
3138
3139
3140
3143
3144
3146
3149
3150
3151
3152
3154
3155
3156
3157
3158
3160
3161
3162
3165
3171
3173
3174
3175
3177
3178
3179
3180
3181
3182
3187
3188
3189
3190
3192
3193
3194
3195
3196
3201
3202
3203
3205
3206
3208
3210
3211
3212
3214
3215
3217
3218
3219
3220
3221
3222
3229
3230
3231
3232
3233
3234
3235
3236
3237
3241
3242
3243
3245
3246
3247
3248
3250
3251
3252
3253
3254
3255
3256
3257
3258
3263
3264
3265
3266
3267
3269
3270
3274
3275
3279
3280
3281
3282
3283
3285
3286
3287
3288
3289
3290
3295
3296
3297
3298
3299
3300
3301
3304
3307
3308
3309
3310
3314
3315
3318
3319
3322
3323
3324
3325
3326
3333
3340
3342
3343
3344
3345
3349
3352
3353
3354
3356
3357
3362
3363
3365
3367
3368
3369
3373
3374
3375
3376
3377
3378
3380
3381
3383
3384
3387
3388
3389
3390
3391
3392
3393
3395
3396
3397
3398
3399
3400
3404
3405
3406
3409
3411
3414
3415
3416
3417
3418
3419
3422
3424
3425
3427
3428
3431
3436
3437
3439
3443
3445
3446
3447
3449
3453
3454
3455
3457
3458
3459
3461
3462
3463
3466
3468
3469
3470
3471
3473
3475
3476
3477
3478
3479
3480
3481
3483
3484
3486
3490
3491
3493
3494
3495
3496
3498
3499
3500
3501
3502
3503
3504
3506
3507
3510
3511
3512
3513
3514
3515
3516
3517
3518
3519
3520
3521
3522
3526
3527
3528
3529
3530
3532
3537
3539
3540
3541
3550
3551
3557
3559
3560
3563
3564
3565
3570
3571
3572
3573
3575
3576
3578
3579
3580
3581
3582
3583
3585
3586
3587
3588
3590
3594
3599
3606
3607
3608
3609
3610
3611
3613
3614
3615
3617
3618
3621
3622
3625
3627
3631
3632
3633
3634
3637
3638
3639
3640
3641
3642
3643
3644
3648
3649
3650
3651
3653
3654
3656
3657
3658
3662
3663
3664
3668
3669
3672
3675
3676
3677
3678
3679
3680
3681
3682
3683
3688
3692
3694
3695
3699
3700
3703
3704
3705
3706
3708
3709
3710
3714
3715
3718
3719
3720
3721
3722
3723
3724
3725
3726
3727
3728
3730
3731
3732
3733
3734
3735
3736
3737
3739
3740
3741
3742
3743
3744
3745
3746
3747
3748
3750
3771
3772
3774
3776
3777
3778
3779
3781
3782
3785
3787
3788
3790
3791
3792
3794
3795
3799
3800
3801
3804
3807
3808
3811
3813
3814
3815
3816
3817
3818
3820
3821
3822
3825
3828
3831
3833
3834
3835
3836
3837
3839
3840
3842
3843
3844
3846
3848
3852
3854
3856
3857
3859
3860
3861
3862
3863
3864
3866
3870
3873
3874
3875
3876
3879
3881
3883
3884
3886
3887
3890
3891
3894
3895
3896
3897
3898
3899
3900
3903
3905
3906
3907
3908
3909
3914
3915
3916
3917
3918
3919
3920
3921
3923
3924
3927
3928
3929
3930
3931
3932
3933
3934
3935
3936
3937
3938
3939
3944
3947
3948
3949
3951
3952
3953
3954
3955
3956
3957
3961
3962
3963
3964
3965
3966
3968
3969
3971
3972
3973
3974
3975
3978
3979
3981
3982
3983
3984
3985
3986
3987
3988
3989
3990
3992
3993
3994
3997
3999
4000
4001
4002
4003
4004
4005
4006
4007
4008
4009
4012
4013
4014
4015
4018
4019
4020
4021
4022
4023
4024
4026
4027
4029
4030
4033
4034
4035
4036
4040
4041
4042
4043
4045
4046
4047
4048
4050
4051
4053
4054
4055
4058
4059
4061
4062
4064
4065
4066
4067
4068
4069
4070
4071
4072
4073
4074
4075
4076
4077
4078
4079
4080
4081
4082
4083
4084
4085
4086
4087
4088
4091
4092
4093
4094
4097
4098
4100
4105
4106
4107
4108
4109
4110
4111
4112
4113
4116
4117
4118
4119
4124
4125
4127
4128
4129
4130
4135
4137
4139
4140
4142
4148
4149
4150
4151
4154
4155
4156
4158
4159
4161
4163
4164
4165
4168
4169
4170
4171
4172
4176
4177
4178
4179
4181
4182
4183
4184
4185
4186
4187
4188
4189
4190
4191
4192
4193
4195
4196
4197
4198
4200
4201
4206
4207
4208
4210
4211
4212
4213
4214
4216
4217
4221
4222
4223
4224
4225
4226
4227
4228
4229
4230
4232
4233
4234
4235
4236
4237
4238
4239
4240
4241
4242
4243
4244
4245
4246
4247
4249
4251
4252
4254
4255
4256
4257
4258
4259
4261
4262
4265
4266
4267
4268
4269
4270
4272
4273
4274
4275
4276
4277
4283
4285
4286
4287
4288
4289
4290
4291
4292
4293
4294
4295
4296
4297
4298
4299
4300
4301
4302
4303
4305
4306
4307
4308
4309
4310
4311
4312
4313
4314
4316
4317
4318
4319
4320
4321
4322
4323
4324
4325
4326
4327
4328
4329
4330
4331
4335
4336
4337
4338
4339
4340
4341
4342
4354
4355
4356
4357
4360
4361
4363
4364
4366
4367
4368
4369
4370
4371
4372
4373
4374
4375
4376
4377
4378
4379
4380
4381
4382
4383
4384
4385
4386
4387
4388
4389
4390
4391
4392
4393
4394
4395
4396
4397
4398
4399
4400
4401
4402
4403
4405
4406
4407
4408
4409
4410
4411
4412
4413
4414
4415
4416
4417
4418
4419
4420
4421
4422
4423
4424
4425
4426
4427
4428
4429
4430
4431
4432
4433
4434
4435
4436
4437
4438
4439
4440
4441
4442
4443
4444
4445
4446
4447
4448
4449
4450
4451
4452
4453
4454
4455
4456
4457
4458
4459
4460
4461
4462
4463
4464
4465
4467
4468
4469
4470
4471
4472
4473
4474
4475
4476
4477
4478
4479
4480
4481
4482
4483
4484
4485
4486
4487
4488
4489
4490
4491
4492
4493
4494
4495
4496
4497
4498
4499
4500
4501
4502
4503
4504
4505
4506
4507
4508
4509
4510
4511
4512
4513
4514
4515
4516
4517
4518
4519
4520
4521
4522
4523
4524
4525
4526
4527
4528
4529
4530
4531
4532
4533
4534
4535
4536
4537
4538
4539
4540
4541
4542
4543
4544
4545
4546
4547
4548
4549
4550
4552
4553
4554
4555
4556
4557
4558
4559
4560
4561
4562
4563
4564
4565
4566
4567
4568
4569
4570
4571
4572
4573
4574
4575
4576
4577
4578
4579
4580
4581
4582
4583
4584
4585
4587
4588
4590
4591
4592
4593
4594
4595
4598
4599
4600
4601
4602
4603
4604
4605
4606
4607
4608
4610
4611
4614
4615
4616
4618
4619
4620
4622
4623
4624
4625
4626
4627
4628
4629
4630
4631
4632
4633
4634
4635
4636
4638
4640
4641
4642
4643
4644
4645
4646
4647
4648
4649
4650
4651
4652
4653
4654
4655
4656
4657
4658
4659
4660
4661
4662
4663
4664
4666
4667
4668
4669
4670
4673
4676
4677
4678
4679
4680
4681
4682
4683
4684
4685
4686
4687
4688
4690
4691
4692
4693
4694
4695
4696
4697
4698
4699
4700
4701
4702
4703
4704
4705
4706
4707
4708
4709
4710
4711
4712
4713
4714
4715
4716
4717
4718
4719
4720
4721
4722
4723
4724
4725
4726
4727
4728
4729
4730
4731
4732
4733
4734
4735
4736
4737
4738
4739
4740
4741
4742
4743
4744
4745
4746
4747
4748
4749
4750
4751
4752
4753
4754
4755
4756
4757
4758
4759
4760
4761
4762
4763
4764
4765
4766
4767
4768
4769
4770
4771
4772
4773
4774
4775
4776
4777
4778
4779
4780
4781
4782
4783
4784
4785
4786
4787
4788
4789
4790
4791
4792
4793
4794
4795
4796
4797
4798
4799
4800
4802
4804
4808
4809
4811
4812
4818
4821
4825
4830
4836
4839
4841
4846
4847
4852
4854
4856
4858
4861
4864
4870
4874
4877
4881
4882
4884
4886
4895
4896
4901
4903
4905
4912
4939
4941
4943
4946
4948
4951
4954
4956
4989
