13
15
17
22
34
37
44
45
48
49
50
56
57
58
60
63
64
65
70
73
79
80
88
91
95
96
99
104
116
117
118
119
120
121
123
124
127
144
145
146
149
150
155
159
160
174
180
181
182
183
185
186
187
192
193
194
200
201
202
204
205
209
210
214
215
216
218
220
222
228
229
230
231
232
233
235
237
241
242
259
266
272
275
276
278
281
283
285
286
287
291
293
295
296
297
298
301
302
303
304
307
308
310
312
315
316
318
320
321
323
324
326
329
330
331
333
337
338
339
340
341
342
343
344
345
346
347
348
349
350
351
352
363
364
365
369
370
371
372
373
375
376
377
381
385
386
387
388
389
390
391
392
393
394
395
397
399
400
401
402
403
407
409
410
411
412
413
414
416
417
419
420
424
425
426
429
430
431
432
433
434
435
436
439
440
441
442
443
444
445
446
447
450
454
455
456
457
458
459
460
461
462
466
467
470
471
472
473
474
475
476
477
478
479
480
482
484
487
488
489
490
492
493
494
495
496
500
501
502
503
504
507
508
509
510
511
512
515
517
518
519
521
528
529
530
532
533
536
537
538
542
543
544
545
546
548
549
550
554
555
556
557
558
559
560
562
563
564
566
567
568
570
571
572
573
574
577
578
580
583
584
589
590
591
594
595
597
598
600
601
602
603
606
607
608
611
617
619
620
621
622
623
628
631
633
634
636
637
641
642
646
647
648
649
650
651
654
660
662
664
666
668
669
670
671
673
674
678
679
684
685
687
690
694
697
698
699
705
706
707
708
709
710
711
714
715
716
717
718
720
721
722
723
724
725
727
730
731
732
733
735
738
741
742
754
755
756
757
759
763
764
765
767
778
779
780
781
782
783
787
790
794
795
798
800
801
805
806
811
812
815
816
818
820
822
823
824
825
827
832
836
837
839
840
841
843
844
846
847
848
851
852
853
855
857
859
860
861
868
874
879
880
890
891
893
897
904
906
907
908
909
915
916
917
918
919
920
921
922
923
924
925
926
927
928
929
930
931
932
933
934
935
936
937
938
939
941
942
943
944
946
948
949
950
951
953
954
955
956
957
958
959
961
967
968
972
973
974
975
980
982
983
989
992
998
999
1000
1006
1007
1010
1011
1013
1014
1017
1018
1019
1020
1021
1022
1023
1024
1025
1026
1028
1031
1032
1034
1037
1039
1042
1043
1044
1046
1047
1048
1049
1053
1058
1059
1060
1061
1068
1069
1070
1071
1072
1074
1075
1076
1077
1078
1081
1082
1083
1085
1086
1087
1088
1089
1090
1091
1092
1094
1096
1097
1098
1099
1100
1101
1102
1103
1104
1106
1108
1109
1110
1111
1112
1113
1115
1116
1117
1118
1119
1120
1121
1122
1123
1124
1125
1126
1127
1128
1129
1130
1131
1132
1133
1134
1135
1136
1137
1139
1140
1141
1143
1145
1146
1149
1150
1151
1152
1153
1154
1155
1156
1157
1158
1159
1160
1161
1162
1165
1166
1167
1168
1169
1170
1171
1172
1173
1174
1175
1176
1177
1178
1179
1180
1181
1182
1183
1185
1186
1187
1188
1189
1190
1193
1194
1195
1196
1197
1198
1199
1200
1201
1202
1203
1204
1205
1206
1208
1209
1210
1211
1212
1213
1214
1215
1216
1217
1219
1221
1222
1223
1225
1226
1227
1228
1229
1230
1231
1232
1233
1234
1235
1236
1237
1238
1242
1243
1244
1245
1246
1247
1248
1251
1253
1254
1255
1256
1257
1259
1260
1269
1270
1271
1272
1273
1278
1279
1280
1281
1282
1283
1284
1285
1286
1287
1288
1289
1290
1293
1294
1295
1297
1298
1300
1302
1303
1304
1305
1306
1307
1308
1309
1310
1318
1319
1320
1322
1323
1324
1325
1326
1327
1329
1330
1331
1332
1333
1339
1340
1341
1343
1344
1345
1352
1353
1354
1355
1356
1357
1361
1363
1371
1372
1374
1379
1381
1383
1386
1390
1391
1392
1393
1394
1395
1396
1399
1400
1401
1402
1405
1406
1407
1408
1409
1410
1411
1412
1413
1414
1415
1416
1418
1419
1420
1421
1422
1423
1424
1425
1426
1427
1428
1429
1430
1432
1433
1434
1435
1440
1441
1442
1443
1444
1445
1446
1447
1448
1449
1450
1451
1452
1453
1454
1455
1456
1458
1461
1462
1463
1464
1465
1467
1468
1472
1473
1475
1476
1477
1478
1479
1480
1481
1482
1483
1485
1486
1487
1488
1489
1490
1493
1494
1495
1496
1497
1498
1499
1500
1501
1502
1503
1504
1505
1512
1513
1514
1516
1517
1519
1520
1521
1522
1523
1524
1525
1526
1527
1528
1529
1530
1533
1534
1535
1536
1537
1538
1541
1542
1543
1544
1546
1553
1554
1555
1556
1557
1558
1559
1561
1563
1564
1565
1566
1567
1571
1572
1574
1576
1577
1578
1579
1580
1581
1582
1583
1584
1585
1586
1587
1588
1590
1591
1592
1593
1594
1595
1596
1597
1598
1599
1600
1601
1602
1603
1605
1606
1607
1608
1609
1610
1611
1612
1613
1614
1615
1616
1617
1618
1619
1620
1621
1622
1623
1624
1627
1628
1629
1630
1631
1632
1633
1634
1637
1638
1639
1640
1641
1642
1643
1644
1646
1648
1650
1651
1652
1653
1654
1655
1656
1659
1660
1661
1662
1663
1664
1665
1666
1667
1668
1669
1670
1671
1674
1675
1676
1677
1680
1681
1682
1683
1686
1688
1689
1690
1691
1693
1694
1695
1696
1699
1700
1702
1704
1705
1708
1715
1716
1717
1718
1719
1720
1723
1729
1730
1732
1733
1734
1737
1738
1739
1740
1741
1742
1743
1744
1746
1747
1748
1749
1750
1751
1752
1753
1754
1755
1756
1757
1758
1760
1761
1762
1763
1764
1766
1767
1768
1769
1770
1771
1772
1776
1777
1778
1779
1780
1781
1782
1783
1784
1785
1786
1787
1788
1789
1790
1791
1792
1793
1796
1797
1798
1799
1800
1801
1802
1803
1804
1805
1806
1807
1808
1809
1810
1811
1815
1816
1826
1829
1831
1832
1833
1834
1840
1841
1842
1850
1851
1852
1853
1856
1862
1863
1864
1866
1867
1868
1875
1878
1879
1880
1889
1892
1893
1894
1895
1896
1897
1898
1899
1901
1902
1903
1904
1905
1906
1907
1908
1909
1914
1915
1918
1923
1924
1928
1929
1930
1932
1933
1934
1935
1936
1940
1941
1942
1944
1947
1949
1950
1951
1952
1953
1954
1955
1956
1957
1958
1959
1964
1965
1966
1970
1972
1974
1975
1976
1977
1978
1979
1983
1984
1987
1988
1989
1990
1991
1992
1994
1995
1996
1997
1998
2000
2001
2002
2003
2004
2005
2006
2007
2008
2009
2010
2011
2012
2013
2014
2018
2019
2020
2021
2022
2023
2035
2038
2044
2045
2046
2048
2049
2050
2051
2054
2055
2062
2067
2068
2069
2070
2071
2072
2073
2074
2075
2076
2077
2078
2079
2080
2082
2083
2084
2085
2086
2087
2088
2089
2090
2091
2092
2093
2094
2095
2096
2097
2098
2099
2100
2101
2105
2106
2107
2108
2113
2114
2115
2121
2122
2127
2140
2148
2149
2151
2152
2153
2154
2155
2156
2157
2165
2166
2167
2169
2172
2173
2174
2175
2176
2177
2178
2179
2180
2181
2182
2183
2184
2185
2186
2187
2188
2189
2190
2191
2192
2193
2195
2196
2197
2198
2199
2200
2201
2202
2203
2204
2205
2206
2207
2208
2209
2210
2211
2214
2215
2216
2217
2218
2219
2220
2221
2222
2223
2224
2225
2226
2227
2228
2230
2231
2232
2233
2234
2235
2236
2237
2238
2239
2240
2242
2243
2244
2245
2247
2248
2249
2254
2255
2256
2257
2259
2261
2263
2264
2265
2266
2268
2270
2271
2273
2275
2278
2280
2281
2283
2284
2286
2287
2291
2292
2294
2296
2297
2299
2301
2302
2306
2307
2309
2310
2311
2312
2313
2314
2315
2316
2317
2318
2319
2320
2322
2323
2324
2327
2329
2334
2335
2337
2338
2339
2344
2348
2349
2350
2352
2353
2354
2355
2356
2357
2358
2359
2360
2361
2362
2363
2364
2366
2367
2368
2370
2371
2372
2379
2380
2383
2384
2385
2386
2387
2388
2389
2391
2392
2393
2394
2395
2396
2397
2398
2399
2400
2401
2402
2404
2405
2406
2407
2408
2411
2412
2413
2416
2421
2422
2427
2429
2431
2433
2434
2435
2437
2438
2442
2444
2446
2447
2449
2450
2454
2462
2464
2465
2466
2467
2468
2470
2471
2472
2473
2474
2475
2476
2481
2482
2483
2484
2487
2488
2489
2490
2491
2492
2493
2495
2496
2522
2523
2524
2525
2526
2541
2544
2563
2564
2565
2566
2567
2568
2569
2570
2573
2574
2575
2576
2577
2578
2580
2581
2582
2587
2588
2589
2590
2591
2592
2593
2594
2595
2596
2597
2598
2599
2600
2601
2602
2603
2604
2605
2606
2607
2608
2609
2610
2611
2612
2613
2614
2615
2616
2617
2618
2619
2620
2621
2622
2623
2624
2625
2626
2627
2628
2629
2630
2631
2632
2633
2634
2635
2636
2637
2638
2647
