0
4
5
6
8
15
24
25
26
29
30
38
39
40
42
43
45
54
55
67
70
71
72
75
79
80
81
82
83
84
87
88
89
94
95
96
97
98
100
101
102
104
105
106
107
108
109
120
126
128
129
130
132
134
145
146
149
150
163
164
166
167
168
172
173
174
186
188
190
191
192
194
195
197
198
199
200
202
204
206
207
210
214
216
218
220
222
230
231
234
236
239
240
250
252
253
262
263
267
268
271
272
280
283
291
293
298
299
302
307
309
312
315
316
329
334
335
336
341
345
346
347
349
351
352
354
355
369
373
374
375
376
385
386
387
388
399
400
401
402
404
405
406
408
411
412
413
414
415
417
418
419
421
423
430
431
432
433
434
435
436
438
440
441
442
443
444
446
449
450
451
457
460
461
467
468
482
483
486
487
488
489
491
492
502
514
515
516
519
521
523
524
533
535
537
538
540
544
546
547
548
550
551
552
553
554
555
556
563
567
569
571
573
580
598
599
600
601
604
605
607
615
617
625
626
627
629
630
634
642
643
644
646
650
651
653
656
657
660
662
664
665
666
667
671
672
673
676
677
679
687
688
716
720
724
725
731
732
733
735
736
737
738
744
745
746
759
773
774
775
782
784
788
797
798
804
805
806
807
808
819
823
824
830
835
836
844
846
847
851
852
853
855
862
863
870
871
872
874
875
883
884
891
892
893
894
895
896
897
902
903
906
908
909
916
917
918
919
922
923
927
936
941
942
943
947
949
956
957
958
959
970
977
979
980
982
983
984
985
986
988
990
995
998
999
1003
1005
1006
1009
1011
1012
1013
1021
1028
1030
1031
1032
1033
1035
1037
1038
1039
1040
1043
1046
1048
1049
1053
1058
1059
1060
1064
1065
1066
1071
1074
1075
1076
1077
1083
1087
1089
1095
1102
1103
1104
1113
1117
1125
1126
1130
1131
1134
1135
1136
1138
1139
1140
1144
1145
1146
1148
1149
1150
1154
1156
1159
1160
1164
1165
1168
1176
1178
1179
1182
1183
1187
1188
1189
1190
1193
1212
1213
1219
1227
1228
1229
1232
1233
1243
1245
1248
1249
1251
1264
1265
1266
1275
1276
1280
1282
1283
1286
1290
1294
1297
1300
1301
1303
1304
1305
1308
1309
1310
1311
1313
1315
1316
1317
1320
1321
1323
1324
1325
1331
1333
1335
1336
1337
1343
1344
1345
1346
1349
1350
1353
1355
1356
1360
1367
1368
1369
1370
1372
1375
1376
1378
1381
1384
1388
1396
1400
1403
1404
1408
1409
1411
1416
1418
1421
1422
1423
1424
1426
1428
1434
1439
1441
1442
1444
1445
1446
1448
1449
1451
1452
1453
1460
1461
1463
1467
1468
1469
1483
1485
1487
1489
1492
1493
1495
1502
1506
1508
1509
1510
1512
1513
1514
1521
1522
1523
1524
1527
1529
1532
1533
1538
1542
1549
1551
1553
1559
1567
1568
1569
1572
1579
1582
1583
1587
1589
1591
1593
1594
1598
1599
1605
1608
1609
1612
1614
1623
1624
1625
1626
1639
1640
1641
1642
1643
1645
1648
1652
1653
1654
1656
1657
1659
1669
1673
1674
1675
1676
1682
1684
1685
1687
1688
1689
1690
1691
1694
1696
1702
1704
1708
1709
1710
1711
1719
1722
1725
1726
1728
1731
1732
1735
1736
1739
1741
1742
1745
1746
1747
1750
1753
1759
1762
1765
1766
1767
1768
1770
1771
1773
1775
1776
1778
1779
1782
1783
1786
1788
1789
1798
1799
1801
1804
1807
1808
1810
1812
1815
1816
1817
1818
1819
1820
1825
1831
1835
1840
1841
1848
1849
1850
1851
1853
1854
1855
1857
1859
1863
1865
1867
1868
1869
1871
1872
1873
1875
1877
1878
1879
1880
1881
1882
1884
1889
1890
1892
1893
1894
1895
1897
1898
1900
1903
1904
1908
1909
1913
1914
1915
1916
1917
1919
1920
1926
1927
1928
1929
1932
1934
1935
1941
1942
1949
1950
1951
1952
1954
1956
1957
1961
1970
1971
1972
1974
1976
1977
1978
1979
1982
1983
1985
1986
1987
1989
1990
1992
1993
1995
1996
1997
1998
1999
2000
2004
2005
2013
2014
2015
2016
2017
2018
2019
2020
2021
2022
2023
2024
2025
2026
2027
2028
2029
2030
2031
2032
2033
2034
2035
2036
2037
2038
2039
2040
2041
2042
2043
2044
2045
2046
2047
2048
2049
2050
2051
2052
2053
2054
2055
2056
2057
2058
2059
2060
2061
2062
2063
2064
2065
2066
2067
2068
2069
2070
2071
2072
2073
2074
2075
2076
2077
2078
2079
2080
2081
2082
2083
2084
2085
2086
2087
2088
2089
2090
2091
2092
2097
2098
2099
2100
2101
2102
2103
2104
2105
2106
2107
2108
2109
2110
2111
2112
2113
2114
2115
2116
2117
2118
2119
2120
2121
2122
2123
2124
2125
2126
2127
2128
2129
2130
2131
2132
2133
2134
2135
2136
2137
2138
2139
2140
2141
2142
2143
2144
2145
2146
2147
2148
2149
2150
2151
2152
2153
2154
2155
2156
2157
2158
2159
2160
2163
2164
2165
2166
2169
2170
2171
2172
2173
2174
2175
2176
2177
2179
2180
2181
2182
2183
2184
2187
2188
2189
2190
2191
2192
2193
2194
2195
2196
2197
2199
2203
2204
2205
2206
2207
2208
2209
2210
2211
2212
2213
2214
2215
2216
2217
2218
2220
2221
2222
2223
2224
2225
2226
2227
2228
2229
2230
2231
2232
2233
2234
2235
2236
2237
2238
2239
2240
2241
2242
2243
2244
2246
2247
2248
2249
2250
2251
2253
2254
2255
2256
2257
2258
2259
2260
2261
2262
2263
2264
2265
2266
2267
2268
2269
2273
2274
2277
2278
2279
2280
2283
2284
2285
2286
2287
2288
2289
2291
2293
2294
2295
2296
2297
2298
2301
2303
2306
2309
2310
2311
2312
2313
2314
2315
2317
2318
2321
2322
2323
2324
2325
2326
2329
2330
2331
2332
2333
2334
2335
2336
2337
2338
2341
2342
2343
2344
2345
2346
2347
2348
2349
2350
2351
2352
2353
2354
2355
2356
2357
2358
2359
2360
2361
2362
2363
2364
2365
2367
2370
2371
2372
2373
2374
2375
2377
2378
2379
2383
2385
2386
2387
2388
2389
2390
2391
2392
2397
2398
2399
2400
2401
2402
2407
2408
2411
2412
2413
2414
2415
2416
2417
2418
2419
2420
2421
2424
2426
2427
2428
2429
2430
2431
2435
2436
2437
2438
2439
2440
2441
2442
2443
2446
2447
2448
2449
2450
2451
2452
2453
2454
2456
2457
2458
2461
2462
2463
2464
2465
2466
2467
2468
2472
2473
2474
2476
2479
2480
2484
2485
2487
2488
2491
2492
2494
2495
2496
2498
2499
2500
2501
2502
2503
2504
2505
2506
2508
2509
2510
2511
2512
2513
2515
2516
2517
2518
2523
2524
2525
2526
2528
2529
2531
2532
2533
2534
2535
2536
2537
2538
2540
2541
2542
2543
2544
2546
2547
2548
2549
2550
2551
2552
2553
2556
2559
2560
2561
2562
2563
2565
2570
2571
2572
2573
2574
2575
2576
2577
2578
2579
2582
2583
2585
2586
2588
2589
2590
2599
2600
2603
2604
2605
2606
2608
2609
2610
2611
2612
2615
2618
2622
2624
2625
2626
2627
2628
2629
2630
2631
2634
2635
2636
2640
2641
2643
2644
2645
2646
2647
2648
2649
2650
2651
2652
2653
2654
2655
2656
2658
2662
2663
2664
2665
2668
2669
2670
2671
2672
2674
2675
2676
2677
2678
2679
2680
2681
2682
2683
2684
2686
2687
2690
2691
2692
2695
2696
2697
2700
2701
2702
2703
2704
2708
2709
2710
2711
2714
2715
2718
2719
2722
2723
2724
2726
2727
2728
2733
2735
2736
2737
2740
2741
2742
2743
2744
2753
2754
2755
2756
2757
2758
2759
2760
2761
2763
2764
2765
2768
2769
2770
2771
2772
2774
2775
2776
2777
2778
2779
2780
2781
2782
2783
2784
2785
2786
2787
2788
2789
2790
2793
2795
2796
2797
2798
2800
2801
2803
2804
2806
2810
2811
2812
2814
2815
2817
2818
2819
2820
2821
2822
2824
2825
2827
2828
2829
2830
2831
2832
2833
2834
2835
2836
2840
2841
2842
2843
2844
2845
2846
2847
2848
2849
2850
2853
2854
2857
2858
2859
2860
2861
2862
2865
2866
2867
2868
2870
2871
2872
2873
2874
2875
2876
2877
2878
2879
2880
2881
2882
2883
2884
2887
2888
2889
2890
2891
2892
2894
2896
2903
2904
2905
2906
2907
2908
2910
2912
2914
2917
2920
2921
2922
2923
2925
2926
2927
2928
2932
2933
2935
2936
2937
2940
2941
2946
2947
2948
2949
2951
2952
2953
2954
2955
2957
2958
2964
2965
2966
2967
2968
2969
2970
2972
2973
2974
2977
2978
2979
2980
2981
2983
2985
2990
2991
2994
2995
2996
2997
2998
2999
3000
3001
3005
3007
3011
3015
3017
3021
3022
3027
3033
3034
3035
3036
3037
3038
3041
3042
3044
3045
3046
3047
3048
3049
3050
3051
3052
3058
3060
3061
3062
3064
3065
3066
3067
3071
3072
3073
3076
3077
3082
3083
3084
3086
3087
3088
3092
3093
3094
3096
3097
3098
3100
3101
3102
3103
3106
3107
3108
3109
3110
3111
3112
3113
3114
3117
3119
3124
3127
3129
3131
3132
3133
3136
3137
3138
3140
3141
3143
3144
3145
3146
3149
3151
3152
3153
3154
3156
3157
3158
3159
3160
3161
3162
3165
3168
3169
3170
3172
3173
3175
3176
3178
3181
3182
3183
3184
3185
3190
3194
3203
3204
3206
3208
3209
3210
3211
3212
3213
3215
3216
3218
3221
3222
3223
3224
3225
3226
3228
3229
3230
3231
3232
3233
3234
3236
3237
3238
3239
3240
3241
3244
3245
3247
3248
3249
3250
3251
3252
3253
3254
3255
3257
3258
3259
3260
3261
3262
3263
3264
3266
3267
3269
3270
3275
3276
3277
3278
3279
3280
3281
3282
3283
3284
3285
3286
3287
3288
3289
3292
3296
3297
3298
3301
3305
3307
3308
3311
3313
3314
3315
3318
3320
3321
3322
3323
3325
3326
3327
3328
3330
3331
3332
3333
3335
3336
3337
3338
3339
3342
3343
3345
3346
3348
3349
3351
3352
3353
3354
3355
3356
3357
3358
3359
3360
3361
3362
3363
3364
3365
3367
3369
3370
3371
3373
3374
3376
3377
3378
3379
3381
3384
3385
3386
3387
3388
3389
3390
3392
3394
3395
3397
3398
3399
3400
3401
3402
3405
3406
3407
3408
3409
3410
3413
3414
3415
3416
3417
3418
3420
3421
3424
3425
3426
3431
3432
3433
3436
3440
3442
3443
3444
3445
3446
3447
3449
3450
3451
3452
3453
3454
3455
3456
3457
3458
3459
3460
3461
3462
3463
3465
3466
3467
3468
3469
3473
3474
3475
3476
3477
3478
3482
3486
3487
3488
3491
3492
3493
3494
3495
3496
3497
3498
3499
3500
3501
3502
3503
3504
3505
3506
3509
3510
3512
3513
3514
3516
3517
3518
3519
3520
3521
3522
3523
3524
3525
3526
3527
3528
3529
3530
3532
3533
3534
3535
3537
3538
3539
3540
3541
3544
3545
3546
3547
3548
3549
3550
3551
3552
3553
3554
3555
3556
3557
3558
3559
3561
3563
3564
3565
3566
3567
3568
3569
3570
3574
3577
3580
3581
3582
3584
3588
3591
3592
3593
3595
3596
3598
3599
3600
3605
3606
3607
3608
3609
3611
3612
3613
3614
3615
3616
3617
3618
3619
3624
3625
3626
3629
3630
3631
3632
3633
3636
3637
3638
3639
3640
3641
3642
3643
3646
3647
3648
3649
3650
3651
3652
3653
3654
3655
3656
3657
3660
3661
3662
3663
3664
3665
3666
3667
3669
3670
3671
3672
3673
3674
3675
3676
3677
3682
3683
3690
3691
3692
3693
3694
3695
3696
3697
3698
3700
3701
3703
3704
3705
3706
3711
3712
3713
3714
3715
3718
3719
3725
3726
3727
3728
3729
3730
3731
3732
3733
3735
3737
3738
3739
3740
3741
3742
3743
3744
3745
3748
3749
3750
3751
3752
3753
3754
3755
3756
3757
3758
3759
3760
3761
3762
3763
3764
3765
3766
3767
3769
3770
3771
3772
3773
3774
3775
3776
3777
3778
3779
3780
3781
3783
3784
3786
3787
3788
3789
3790
3791
3792
3793
3794
3795
3796
3797
3798
3799
3800
3801
3802
3803
3804
3805
3806
3807
3808
3809
3812
3813
3814
3815
3816
3817
3818
3819
3820
3821
3822
3823
3824
3825
3829
3830
3831
3833
3834
3835
3836
3837
3838
3839
3840
3841
3843
3844
3845
3846
3847
3848
3849
3850
3851
3852
3853
3854
3855
3856
3857
3858
3859
3860
3861
3862
3863
3864
3865
3866
3867
3868
3869
3870
3871
3876
3877
3880
3881
3883
3884
3885
3886
3887
3888
3889
3890
3891
3892
3893
3895
3896
3897
3898
3899
3901
3902
3905
3906
3909
3910
3911
3913
3915
3916
3917
3918
3919
3920
3921
3922
3923
3924
3925
3926
3927
3928
3929
3930
3931
3932
3936
3937
3938
3939
3940
3942
3943
3944
3945
3946
3947
3948
3949
3950
3951
3952
3953
3954
3955
3956
3957
3958
3959
3960
3966
3967
3968
3969
3970
3971
3974
3975
3976
3977
3978
3979
3980
3981
3982
3983
3984
3985
3986
3987
3989
3990
3991
3992
3994
3995
3996
3997
4000
4002
4003
4006
4007
4008
4010
4011
4012
4013
4014
4015
4017
4018
4019
4020
4021
4023
4024
4025
4026
4029
4030
4031
4032
4033
4034
4035
4036
4037
4039
4040
4041
4042
4043
4044
4046
4048
4049
4050
4051
4052
4053
4054
4055
4056
4057
4059
4063
4064
4065
4066
4067
4068
4069
4070
4071
4072
4073
4074
4075
4076
4077
4079
4081
4082
4083
4084
4085
4086
4087
4088
4089
4090
4091
4092
4093
4094
4095
4096
4097
4100
4101
4102
4105
4106
4107
4108
4109
4111
4112
4113
4114
4116
4117
4118
4120
4121
4122
4123
4124
4125
4128
4129
4132
4133
4134
4136
4137
4138
4139
4140
4142
4143
4144
4145
4147
4148
4149
4150
4151
4152
4154
4156
4158
4160
4161
4162
4166
4168
4169
4170
4171
4172
4173
4174
4175
4176
4177
4178
4179
4180
4181
4182
4183
4186
4187
4188
4190
4191
4192
4193
4194
4195
4196
4197
4199
4200
4202
4204
4205
4206
4207
4210
4211
4212
4213
4214
4215
4216
4217
4218
4220
4222
4223
4224
4227
4230
4231
4234
4235
4236
4237
4238
4241
4246
4247
4249
4250
4251
4252
4255
4256
4257
4259
4260
4261
4262
4263
4267
4268
4271
4272
4273
4275
4276
4277
4279
4280
4281
4283
4284
4285
4286
4288
4289
4291
4292
4294
4295
4296
4297
4298
4302
4303
4305
4306
4307
4308
4309
4311
4312
4313
4314
4315
4316
4317
4320
4323
4324
4325
4326
4327
4329
4330
4332
4333
4334
4335
4336
4337
4338
4339
4342
4343
4344
4346
4347
4351
4353
4354
4357
4358
4359
4363
4365
4366
4367
4368
4369
4370
4371
4373
4375
4376
4377
4378
4379
4380
4381
4383
4384
4386
4387
4388
4389
4390
4391
4392
4393
4394
4395
4396
4397
4398
4399
4400
4401
4402
4404
4405
4406
4407
4408
4409
4410
4412
4413
4414
4415
4416
4418
4419
4420
4421
4422
4423
4424
4426
4427
4428
4430
4431
4432
4433
4434
4435
4436
4437
4438
4439
4440
4441
4442
4443
4444
4445
4446
4447
4448
4449
4450
4451
4452
4453
4455
4456
4457
4458
4459
4460
4461
4462
4463
4464
4465
4466
4467
4468
4469
4470
4471
4472
4473
4474
4475
4476
4477
4478
4479
4480
4481
4482
4483
4484
4485
4486
4487
4488
4489
4490
4491
4492
4493
4494
4495
4496
4497
4498
4499
4500
4501
4502
4503
4504
4507
4509
4510
4520
4522
4525
4528
