5
7
8
9
14
15
16
17
29
32
34
36
37
40
48
50
51
52
62
63
64
71
72
74
78
80
104
105
106
108
109
110
114
118
119
121
127
128
129
131
132
133
134
143
144
147
148
149
152
153
154
155
157
164
167
168
169
180
192
201
202
203
216
219
220
221
224
225
249
250
251
256
257
258
259
266
296
298
299
301
314
316
317
323
330
353
355
358
360
365
366
367
368
381
384
385
386
387
388
390
391
395
397
398
399
401
402
404
405
406
407
409
411
414
416
435
437
438
440
441
452
454
455
459
460
463
465
466
467
468
470
472
473
477
478
479
482
492
493
495
511
514
516
517
524
526
527
529
530
532
533
539
540
547
548
549
577
582
583
584
599
600
601
602
604
607
608
612
616
617
618
625
626
627
631
632
639
641
642
643
650
652
654
657
658
666
667
668
674
675
677
678
679
697
698
700
709
711
712
714
716
717
719
724
726
731
732
733
736
743
744
745
752
753
754
756
757
760
762
763
764
768
772
774
777
781
782
795
796
800
802
807
808
814
816
819
821
822
823
825
827
829
833
834
836
838
839
842
847
848
849
850
872
873
875
880
883
899
901
902
908
909
910
911
913
916
923
928
929
930
935
943
947
950
956
957
960
962
963
965
967
973
974
976
984
992
999
1003
1005
1006
1027
1028
1029
1033
1034
1035
1037
1043
1051
1054
1055
1059
1069
1070
1075
1076
1080
1081
1082
1083
1084
1087
1089
1090
1092
1093
1098
1099
1100
1101
1102
1103
1104
1105
1106
1107
1111
1112
1114
1115
1120
1121
1122
1125
1126
1127
1128
1129
1130
1132
1133
1134
1135
1136
1137
1138
1139
1143
1162
1165
1166
1167
1168
1172
1174
1175
1176
1178
1185
1195
1201
1206
1208
1212
1220
1221
1224
1227
1229
1232
1234
1240
1242
1243
1263
1264
1265
1266
1267
1276
1277
1293
1295
1296
1300
1301
1307
1308
1312
1314
1317
1323
1325
1326
1327
1328
1331
1333
1334
1335
1344
1345
1346
1355
1360
1366
1374
1375
1380
1382
1384
1388
1389
1394
1401
1402
1403
1405
1407
1410
1416
1417
1418
1423
1425
1429
1430
1441
1443
1447
1448
1453
1454
1456
1460
1461
1462
1467
1472
1473
1475
1476
1479
1486
1487
1488
1492
1495
1497
1508
1512
1522
1524
1532
1541
1542
1543
1548
1550
1551
1553
1565
1572
1573
1574
1578
1580
1585
1586
1587
1590
1591
1592
1595
1596
1597
1598
1599
1601
1602
1603
1605
1607
1608
1610
1614
1615
1617
1619
1620
1622
1623
1625
1631
1634
1635
1643
1649
1650
1651
1652
1656
1658
1664
1665
1666
1673
1674
1675
1677
1681
1682
1686
1687
1688
1690
1691
1692
1693
1697
1699
1711
1716
1717
1721
1723
1725
1726
1731
1734
1736
1737
1739
1740
1741
1742
1743
1746
1747
1752
1753
1754
1755
1758
1759
1761
1764
1766
1768
1775
1780
1781
1782
1789
1792
1794
1796
1797
1798
1802
1805
1806
1810
1811
1812
1815
1816
1817
1820
1821
1823
1824
1825
1826
1827
1831
1832
1833
1836
1837
1839
1842
1846
1847
1849
1850
1852
1853
1854
1857
1858
1860
1866
1868
1879
1882
1889
1890
1891
1892
1895
1896
1897
1899
1901
1907
1910
1911
1912
1914
1917
1923
1926
1928
1929
1932
1934
1935
1936
1937
1941
1945
1948
1953
1954
1955
1958
1965
1966
1967
1969
1971
1972
1973
1976
1977
1978
1979
1980
1982
1985
1986
1990
1997
1999
2003
2006
2008
2011
2012
2013
2015
2016
2020
2023
2024
2026
2027
2028
2029
2034
2037
2039
2040
2041
2042
2043
2044
2047
2048
2049
2053
2055
2056
2061
2063
2068
2069
2075
2077
2079
2080
2081
2083
2088
2090
2091
2092
2097
2101
2103
2106
2107
2109
2111
2115
2116
2117
2118
2123
2124
2125
2126
2127
2128
2129
2131
2132
2133
2134
2135
2136
2137
2138
2139
2142
2143
2144
2147
2151
2153
2154
2155
2156
2157
2159
2160
2162
2164
2165
2167
2168
2169
2171
2172
2173
2174
2175
2176
2177
2178
2179
2182
2183
2184
2186
2188
2189
2190
2191
2192
2194
2197
2202
2203
2204
2207
2209
2210
2212
2213
2216
2217
2222
2223
2224
2225
2231
2232
2236
2237
2238
2239
2241
2242
2243
2248
2250
2251
2252
2253
2255
2256
2259
2261
2262
2264
2267
2270
2273
2275
2277
2279
2281
2282
2284
2286
2287
2289
2291
2292
2294
2295
2296
2298
2300
2301
2302
2305
2307
2309
2310
2311
2313
2314
2315
2316
2318
2321
2322
2323
2324
2326
2327
2329
2330
2335
2337
2338
2341
2342
2343
2344
2348
2349
2350
2353
2355
2356
2357
2359
2362
2363
2364
2367
2368
2369
2370
2371
2372
2373
2374
2375
2376
2379
2380
2381
2382
2383
2386
2387
2388
2390
2391
2392
2393
2394
2395
2396
2397
2398
2399
2400
2401
2402
2403
2404
2406
2407
2408
2411
2415
2416
2417
2418
2419
2420
2421
2422
2426
2427
2428
2429
2430
2433
2434
2435
2436
2437
2438
2439
2440
2441
2444
2445
2446
2447
2448
2449
2451
2454
2457
2458
2459
2461
2462
2463
2465
2466
2470
2472
2473
2474
2475
2477
2478
2479
2480
2481
2482
2483
2485
2486
2487
2488
2489
2490
2491
2493
2494
2495
2496
2497
2498
2499
2503
2504
2505
2506
2507
2508
2510
2511
2512
2515
2516
2517
2518
2519
2525
2526
2527
2528
2529
2530
2534
2535
2536
2537
2544
2546
2548
2549
2550
2551
2552
2553
2554
2555
2556
2557
2558
2559
2560
2561
2566
2567
2568
2570
2571
2572
2573
2574
2576
2577
2578
2579
2580
2581
2582
2583
2584
2585
2586
2587
2588
2589
2590
2591
2592
2594
2596
2597
2600
2601
2602
2603
2604
2605
2606
2607
2608
2609
2611
2612
2613
2614
2615
2616
2617
2618
2619
2620
2621
2622
2623
2624
2625
2626
2627
2628
2630
2632
2633
2637
2639
2640
2641
2642
2643
2645
2646
2647
2649
2650
2651
2652
2653
2654
2655
2656
2659
2662
2663
2666
2667
2668
2669
2670
2672
2673
2674
2676
2677
2678
2679
2680
2681
2682
2683
2684
2686
2687
2688
2689
2690
2691
2692
2693
2695
2696
2700
2704
2705
2706
2707
2708
2709
2710
2713
2714
2716
2717
2718
2719
2720
2721
2722
2723
2724
2725
2727
2728
2729
2730
2731
2732
2733
2734
2735
2736
2737
2738
2739
2740
2741
2742
2743
2744
2745
2746
2748
2749
2750
2751
2752
2753
2754
2755
2756
2757
2758
2759
2760
2761
2762
2763
2764
2765
2766
2767
2768
2769
2770
2771
2772
2773
2775
2777
2778
2779
2780
2781
2782
2787
2789
2791
2792
2793
2794
2795
2797
2798
2799
2800
2802
2803
2804
2806
2807
2814
2815
2816
2817
2820
2821
2823
2824
2825
2826
2827
2831
2833
2834
2835
2837
2838
2839
2840
2842
2843
2844
2845
2846
2847
2848
2851
2852
2853
2854
2855
2856
2857
2858
2859
2860
2861
2862
2863
2864
2866
2867
2868
2869
2874
2875
2876
2877
2878
2879
2881
2882
2883
2884
2887
2891
2892
2893
2895
2896
2897
2898
2899
2900
2903
2905
2907
2908
2909
2910
2912
2913
2914
2915
2918
2919
2923
2924
2925
2927
2929
2931
2932
2933
2934
2935
2936
2937
2939
2940
2941
2942
2945
2947
2948
2949
2951
2952
2953
2954
2955
2956
2958
2960
2961
2962
2963
2965
2966
2967
2968
2973
2977
2978
2982
2983
2984
2986
2987
2988
2989
2990
2991
2994
2995
2996
2997
2998
3001
3002
3003
3004
3005
3006
3007
3008
3009
3011
3014
3016
3017
3018
3019
3020
3021
3022
3023
3024
3025
3029
3030
3031
3032
3033
3034
3035
3038
3039
3040
3043
3046
3052
3053
3054
3056
3058
3059
3061
3062
3063
3064
3065
3066
3067
3068
3069
3070
3071
3078
3079
3083
3084
3085
3086
3089
3090
3091
3093
3094
3095
3096
3097
3101
3103
3109
3110
3111
3112
3116
3117
3118
3119
3120
3123
3124
3125
3130
3131
3132
3133
3135
3141
3142
3143
3145
3147
3148
3149
3153
3154
3157
3158
3159
3160
3162
3163
3165
3166
3167
3168
3169
3170
3171
3172
3174
3175
3185
3188
3190
3191
3192
3193
3200
3201
3203
3204
3205
3206
3207
3209
3214
3217
3220
3221
3224
3225
3228
3233
3237
3239
3240
3243
3245
3246
3247
3249
3250
3252
3253
3259
3260
3261
3262
3265
3268
3270
3271
3272
3274
3277
3278
3284
3285
3286
3289
3290
3291
3294
3298
3303
3304
3307
3308
3311
3313
3315
3316
3317
3319
3320
3329
3332
3336
3337
3338
3341
3342
3343
3344
3345
3350
3351
3352
3355
3357
3360
3364
3366
3367
3369
3370
3371
3378
3386
3387
3388
3389
3391
3392
3394
3396
3397
3398
3399
3400
3401
3408
3409
3414
3415
3420
3424
3425
3430
3435
3437
3439
3440
3443
3445
3447
3448
3457
3459
3460
3461
3463
3467
3469
3470
3479
3485
3489
3494
3495
3497
3498
3506
3507
3508
3509
3510
3516
3519
3521
3529
3536
3538
3540
3542
3543
3544
3546
3548
3549
3550
3551
3559
3562
3564
3565
3566
3567
3568
3573
3575
3578
3580
3583
3585
3587
3588
3590
3591
3593
3594
3597
3598
3603
3604
3605
3606
3608
3609
3610
3611
3615
3616
3620
3621
3622
3624
3630
3633
3634
3638
3639
3644
3647
3650
3651
3653
3654
3656
3657
3658
3662
3664
3665
3666
3667
3669
3671
3674
3675
3676
3682
3683
3688
3689
3693
3694
3706
3707
3713
3715
3718
3719
3720
3726
3727
3728
3729
3730
3731
3732
3733
3737
3738
3740
3742
3746
3754
3755
3758
3760
3761
3762
3764
3765
3766
3767
3768
3770
3771
3772
3773
3774
3776
3777
3780
3781
3787
3788
3790
3792
3793
3794
3798
3799
3804
3805
3809
3812
3813
3820
3821
3822
3823
3824
3826
3827
3828
3830
3831
3832
3836
3838
3843
3845
3846
3848
3849
3850
3855
3859
3860
3862
3866
3872
3874
3878
3879
3880
3881
3884
3885
3888
3889
3893
3898
3904
3907
3909
3910
3911
3912
3913
3915
3916
3917
3919
3920
3923
3925
3930
3931
3932
3934
3937
3940
3941
3945
3946
3947
3948
3949
3950
3952
3956
3959
3960
3961
3962
3966
3971
3976
3977
3979
3980
3985
3986
3989
3990
3995
4005
4006
4007
4008
4011
4013
4014
4015
4016
4017
4018
4019
4020
4021
4024
4025
4026
4028
4029
4030
4031
4032
4034
4035
4036
4037
4040
4043
4046
4047
4048
4050
4051
4057
4059
4062
4063
4064
4065
4066
4067
4068
4069
4070
4071
4079
4080
4081
4085
4087
4088
4090
4092
4093
4094
4095
4097
4101
4103
4104
4106
4107
4108
4109
4110
4111
4112
4113
4117
4118
4120
4121
4125
4126
4127
4129
4130
4131
4132
4135
4137
4138
4139
4140
4141
4144
4145
4146
4147
4148
4149
4150
4156
4157
4166
4167
4169
4171
4174
4176
4177
4178
4179
4181
4182
4183
4184
4185
4186
4187
4188
4190
4192
4195
4198
4201
4202
4203
4204
4207
4208
4209
4211
4212
4213
4214
4215
4216
4217
4218
4219
4221
4222
4223
4228
4229
4230
4232
4233
4236
4238
4239
4241
4246
4248
4251
4252
4253
4254
4263
4265
4266
4268
4272
4273
4274
4276
4280
4283
4287
4288
4289
4290
4302
4304
4305
4307
4309
4310
4311
4312
4315
4318
4323
4327
4332
4337
4341
4342
4349
4351
4367
4386
4388
4405
4412
4446
4448
4460
4465
4467
4468
4469
4473
4497
4512
4515
4516
4532
4535
4538
4549
4557
4579
4581
4585
4596
4603
4605
4611
4620
4623
4636
4637
4644
4650
4651
4674
4677
4681
4716
4736
4738
4757
4759
4762
4763
4809
4816
4829
4834
4841
4857
4860
4898
4904
4912
4913
4968
4971
4994
5002
5013
5014
5015
5019
5024
5025
5071
5079
5119
5138
5139
5141
5151
5161
5163
5172
5192
5211
5214
5220
5242
5274
5306
5331
5332
5379
5383
5384
5403
5419
5420
5423
5435
5446
5448
5467
5470
5490
5493
5531
5533
5577
5600
5603
5659
5660
5670
5695
5696
5697
5721
5748
5749
5761
5763
5765
5820
5822
5891
5895
5900
5902
5904
5905
5915
5927
5980
5992
6000
6048
6050
6068
6140
6157
6178
6179
6188
6191
6239
6253
6255
6299
6362
6364
6404
6413
6482
6483
6543
6544
6558
6561
6571
6573
6593
6627
6634
6635
6647
6650
6652
6654
6656
6661
6662
6714
6716
6717
6719
6724
6726
6727
6736
6738
6742
6751
6752
6753
6764
6765
6766
6767
6769
6771
6772
6776
6777
6778
6784
6792
6795
6798
6799
6800
6803
6804
6805
6809
6810
6814
6818
6819
6820
6821
6822
6824
6825
6826
6829
6830
6833
6834
6836
6840
6843
6844
6847
6848
6850
6851
6852
6853
6854
6855
6856
6859
6861
6863
6864
6865
6866
6870
6873
6874
6875
6876
6877
6878
6880
6881
6882
6883
6884
6885
6886
6888
6889
6890
6891
6892
6893
6894
6896
6898
6899
6900
6903
6904
6905
6906
6907
6908
6909
6910
6911
6912
6914
6915
6917
6918
6919
6920
6921
6922
6923
6924
6925
6926
6927
6928
6930
6931
6932
6933
6934
6935
6936
6937
6938
6939
6940
6941
6942
6944
6945
6946
6947
6948
6949
6950
6951
6953
6955
6956
6957
6958
6959
6961
6962
6964
6965
6966
6967
6968
6969
6970
6971
6972
6973
6974
6975
6976
6977
6978
6979
6980
6981
6982
6983
6984
6985
6986
6987
6988
6989
6990
6991
6992
6993
6994
6995
6996
6997
6998
6999
7000
7001
7002
7003
7004
7005
7006
7007
7008
7009
7010
7011
7012
7013
7014
7015
7016
7017
7018
7019
7020
7021
7022
7023
7024
7025
7026
7027
7028
7029
7030
7031
7032
7033
7034
7035
7036
7037
7038
7039
7040
7041
7042
7043
7044
7045
7046
7047
7048
7049
7050
7051
7052
7053
7054
7055
7056
7057
7058
7059
7060
7061
7062
7063
7064
7065
7066
7067
7068
7069
7070
7071
7072
7073
7074
7075
7076
7077
7078
7079
7080
7081
7082
7083
7084
7085
7086
7087
7088
7089
7090
7091
7092
