34
36
39
40
41
44
68
70
71
106
107
191
192
193
197
198
274
312
325
327
328
343
344
353
371
391
392
408
413
415
423
424
425
428
433
435
437
439
440
441
442
457
459
460
461
486
487
488
494
495
500
512
515
518
528
530
531
535
549
556
561
563
570
571
579
580
581
592
593
595
597
600
601
602
603
604
606
608
610
611
612
613
615
616
619
620
624
633
637
639
640
641
642
644
645
646
647
648
650
652
653
659
660
661
663
664
665
679
681
682
683
684
685
688
692
693
701
706
707
709
712
713
714
717
718
720
721
725
726
727
728
730
733
738
740
741
742
743
744
745
746
747
748
749
750
752
753
754
755
756
758
759
760
761
762
763
764
765
767
768
769
770
771
772
773
774
775
777
778
779
780
782
783
784
785
786
787
788
789
790
791
792
793
794
795
796
797
798
799
800
801
802
803
804
805
806
807
808
809
812
813
814
815
816
817
818
819
820
821
823
824
825
826
827
828
829
830
831
832
833
834
835
836
838
839
840
842
844
845
846
848
849
850
851
852
853
854
855
856
857
858
859
860
861
862
863
865
866
868
869
870
871
873
874
875
877
878
879
880
881
882
883
885
887
888
889
890
891
893
894
895
896
897
898
899
900
901
902
903
904
905
906
907
908
909
911
912
913
914
915
917
918
919
920
922
923
924
925
926
927
928
929
930
931
932
933
934
935
936
937
938
939
940
941
943
944
945
946
947
949
950
952
954
955
956
957
958
959
960
961
962
963
964
965
966
967
968
969
970
971
973
974
975
976
978
979
980
981
982
984
985
986
988
990
991
992
993
994
996
997
998
999
1000
1001
1003
1005
1006
1007
1008
1009
1011
1012
1013
1014
1015
1016
1017
1018
1019
1020
1021
1023
1024
1025
1026
1029
1030
1031
1032
1034
1035
1037
1038
1039
1040
1041
1042
1043
1044
1045
1046
1047
1048
1049
1050
1051
1052
1053
1055
1056
1058
1059
1060
1061
1062
1063
1065
1066
1067
1068
1069
1070
1071
1072
1073
1074
1075
1076
1078
1079
1080
1081
1082
1083
1084
1085
1086
1087
1088
1089
1091
1092
1093
1095
1096
1098
1099
1100
1101
1102
1103
1104
1105
1106
1107
1108
1109
1110
1111
1112
1113
1114
1115
1116
1117
1121
1122
1123
1124
1125
1126
1127
1128
1129
1130
1131
1132
1133
1134
1135
1136
1137
1138
1139
1140
1141
1142
1143
1144
1145
1146
1147
1148
1149
1150
1151
1152
1153
1154
1155
1156
1157
1158
1159
1160
1161
1162
1163
1164
1165
1170
1171
1172
1173
1174
1175
1176
1177
1178
1179
1180
1181
1182
1183
1184
1185
1186
1187
1188
1189
1190
1191
1192
1193
1196
1197
1198
1200
1201
1202
1203
1204
1205
1206
1207
1208
1209
1210
1211
1215
1216
1217
1218
1219
1220
1221
1222
1223
1224
1225
1226
1227
1228
1229
1230
1231
1232
1233
1234
1235
1236
1237
1238
1239
1240
1241
1243
1244
1245
1246
1247
1248
1249
1251
1252
1254
1257
1258
1259
1260
1261
1262
1263
1264
1265
1266
1267
1268
1269
1270
1271
1272
1273
1274
1275
1276
1278
1279
1280
1282
1283
1284
1285
1286
1287
1288
1289
1290
1291
1293
1294
1295
1296
1297
1298
1299
1300
1301
1302
1303
1304
1305
1306
1307
1308
1309
1310
1311
1312
1313
1314
1315
1316
1317
1318
1319
1320
1323
1324
1325
1326
1327
1328
1329
1330
1331
1332
1333
1334
1335
1336
1337
1339
1340
1341
1342
1343
1344
1345
1346
1347
1348
1351
1352
1353
1354
1355
1356
1357
1358
1359
1360
1361
1362
1363
1364
1365
1366
1367
1371
1372
1373
1374
1375
1376
1377
1378
1382
1383
1386
1388
1389
1392
1393
1394
1395
1396
1397
1398
1399
1400
1401
1402
1403
1404
1405
1406
1407
1408
1409
1410
1411
1412
1413
1414
1415
1416
1417
1418
1419
1420
1421
1422
1423
1424
1425
1426
1427
1428
1429
1430
1433
1434
1435
1436
1438
1439
1440
1444
1445
1446
1447
1448
1449
1450
1451
1455
1456
1457
1458
1459
1460
1461
1462
1463
1464
1465
1466
1467
1468
1469
1470
1471
1472
1473
1474
1476
1477
1478
1479
1480
1482
1483
1490
1491
1492
1493
1495
1496
1497
1498
1499
1500
1502
1503
1504
1505
1506
1507
1508
1509
1511
1512
1513
1515
1516
1517
1518
1522
1523
1525
1526
1527
1529
1530
1531
1532
1533
1534
1535
1536
1537
1538
1539
1540
1541
1542
1543
1544
1547
1549
1550
1551
1552
1553
1554
1555
1556
1557
1558
1559
1560
1561
1562
1564
1565
1566
1570
1571
1573
1574
1576
1577
1578
1579
1580
1581
1582
1583
1584
1585
1586
1587
1588
1589
1590
1591
1592
1593
1594
1595
1596
1598
1599
1600
1601
1602
1603
1604
1605
1607
1608
1609
1610
1611
1612
1613
1614
1615
1616
1617
1618
1619
1620
1621
1622
1623
1624
1625
1626
1630
1631
1632
1633
1634
1635
1636
1637
1638
1639
1640
1641
1642
1643
1645
1646
1647
1648
1649
1650
1651
1652
1653
1654
1656
1657
1658
1659
1660
1662
1663
1664
1665
1666
1667
1668
1670
1671
1672
1673
1674
1675
1676
1677
1678
1679
1680
1681
1682
1684
1685
1686
1687
1688
1689
1690
1691
1692
1693
1695
1696
1697
1698
1699
1700
1701
1702
1703
1704
1705
1706
1711
1712
1713
1714
1715
1716
1717
1718
1719
1720
1721
1722
1723
1726
1727
1728
1729
1730
1731
1732
1733
1734
1736
1737
1738
1739
1744
1745
1746
1747
1748
1749
1752
1753
1754
1756
1757
1758
1759
1760
1761
1762
1764
1765
1766
1767
1768
1770
1771
1772
1773
1774
1775
1776
1777
1778
1779
1780
1781
1782
1783
1784
1785
1786
1789
1790
1792
1793
1794
1797
1798
1799
1800
1801
1802
1803
1804
1805
1806
1808
1809
1810
1811
1812
1814
1815
1816
1817
1818
1819
1820
1821
1822
1823
1824
1825
1828
1830
1831
1832
1833
1835
1836
1837
1838
1839
1840
1841
1842
1843
1844
1845
1846
1847
1848
1849
1850
1851
1853
1854
1855
1857
1858
1864
1865
1866
1867
1868
1869
1870
1871
1872
1873
1874
1875
1876
1877
1878
1879
1880
1881
1882
1883
1884
1885
1886
1887
1888
1889
1890
1895
1896
1897
1898
1899
1900
1902
1903
1905
1909
1910
1911
1912
1913
1914
1916
1917
1918
1919
1920
1923
1924
1925
1926
1927
1928
1929
1930
1931
1932
1933
1934
1935
1936
1937
1939
1944
1945
1946
1947
1948
1949
1952
1953
1954
1955
1956
1957
1961
1965
1966
1967
1968
1969
1970
1972
1973
1977
1978
1980
1981
1982
1983
1984
1985
1986
1987
1988
1989
1990
1991
1992
1993
1994
1995
1996
1998
1999
2000
2001
2003
2004
2005
2006
2009
2011
2012
2013
2014
2015
2016
2017
2018
2019
2020
2021
2022
2023
2024
2025
2026
2027
2028
2029
2030
2032
2033
2034
2035
2036
2037
2038
2039
2040
2041
2042
2043
2044
2046
2047
2049
2050
2051
2052
2053
2054
2055
2056
2057
2058
2059
2060
2066
2067
2068
2069
2070
2071
2072
2073
2074
2075
2076
2077
2079
2080
2081
2082
2083
2084
2085
2086
2087
2088
2089
2090
2091
2094
2095
2097
2098
2099
2100
2101
2103
2104
2105
2107
2108
2109
2110
2111
2112
2113
2116
2117
2118
2119
2120
2122
2123
2124
2125
2126
2127
2128
2129
2130
2131
2132
2133
2137
2138
2139
2140
2141
2142
2143
2146
2147
2148
2149
2150
2151
2152
2154
2156
2157
2158
2159
2162
2163
2164
2165
2166
2167
2168
2169
2170
2171
2172
2173
2174
2175
2176
2178
2179
2180
2181
2182
2183
2184
2185
2186
2187
2188
2189
2190
2192
2193
2194
2195
2196
2197
2198
2199
2200
2201
2202
2203
2204
2205
2206
2207
2208
2215
2216
2217
2218
2219
2220
2223
2224
2225
2226
2227
2228
2229
2230
2231
2232
2233
2234
2235
2239
2240
2241
2242
2243
2244
2245
2247
2248
2249
2250
2251
2252
2253
2254
2255
2256
2257
2258
2259
2260
2261
2262
2263
2264
2266
2267
2268
2273
2274
2275
2276
2279
2281
2282
2283
2284
2285
2286
2287
2288
2289
2291
2293
2294
2295
2296
2297
2299
2300
2301
2302
2303
2305
2306
2307
2308
2309
2310
2311
2312
2313
2314
2317
2318
2319
2320
2321
2322
2323
2324
2325
2326
2327
2328
2329
2330
2331
2332
2333
2334
2335
2336
2338
2339
2340
2341
2342
2343
2344
2345
2346
2347
2348
2349
2350
2351
2352
2353
2354
2355
2356
2358
2361
2362
2365
2366
2367
2368
2370
2371
2372
2373
2374
2375
2376
2378
2379
2380
2381
2382
2383
2384
2385
2386
2387
2388
2389
2390
2393
2394
2395
2396
2397
2398
2399
2400
2401
2402
2403
2404
2406
2407
2408
2409
2410
2411
2412
2413
2414
2416
2417
2418
2419
2421
2422
2423
2424
2425
2426
2428
2429
2430
2431
2432
2433
2434
2435
2436
2437
2438
2439
2440
2441
2443
2444
2445
2446
2447
2448
2449
2450
2451
2452
2453
2456
2458
2459
2460
2461
2462
2463
2464
2467
2468
2471
2472
2473
2474
2475
2476
2477
2478
2479
2480
2481
2482
2483
2484
2485
2486
2487
2488
2489
2490
2491
2492
2493
2494
2495
2496
2497
2499
2500
2501
2502
2503
2505
2506
2508
2510
2511
2512
2513
2514
2515
2516
2517
2518
2519
2521
2523
2524
2525
2526
2527
2528
2529
2532
2533
2534
2535
2536
2537
2538
2539
2540
2541
2542
2543
2544
2545
2546
2549
2550
2551
2553
2554
2555
2556
2557
2558
2559
2560
2561
2562
2563
2564
2565
2566
2567
2572
2573
2575
2576
2577
2582
2583
2588
2589
2590
2591
2592
2593
2594
2595
2596
2597
2598
2599
2600
2601
2604
2605
2608
2609
2610
2611
2612
2613
2614
2615
2616
2617
2624
2625
2626
2627
2630
2631
2632
2633
2636
2637
2640
2641
2642
2643
2644
2645
2647
2648
2649
2650
2651
2652
2653
2654
2655
2656
2657
2658
2659
2660
2661
2662
2663
2664
2665
2666
2667
2668
2669
2670
2671
2672
2673
2674
2675
2676
2677
2678
2679
2680
2681
2682
2683
2686
2688
2690
2692
2693
2694
2695
2696
2697
2698
2699
2700
2701
2702
2703
2704
2705
2706
2707
2708
2710
2711
2712
2713
2714
2715
2722
2725
2727
2728
2729
2730
2731
2732
2733
2734
2736
2737
2738
2739
2741
2742
2743
2744
2745
2746
2751
2752
2753
2754
2755
2756
2757
2758
2759
2760
2761
2762
2763
2764
2765
2766
2767
2768
2770
2771
2772
2773
2774
2775
2776
2777
2778
2779
2780
2781
2783
2784
2786
2787
2788
2789
2790
2791
2792
2793
2794
2795
2796
2797
2798
2799
2800
2801
2802
2805
2808
2809
2810
2811
2812
2813
2816
2817
2818
2819
2820
2821
2822
2823
2824
2825
2827
2828
2829
2831
2832
2833
2834
2835
2836
2837
2839
2840
2841
2842
2843
2844
2846
2847
2850
2851
2852
2853
2854
2855
2857
2858
2859
2860
2861
2865
2866
2867
2868
2869
2870
2871
2873
2874
2875
2878
2880
2881
2882
2883
2884
2885
2886
2887
2888
2889
2897
2898
2899
2900
2902
2903
2904
2905
2909
2910
2911
2912
2914
2915
2918
2919
2920
2921
2924
2925
2926
2927
2928
2929
2930
2931
2932
2933
2934
2935
2937
2940
2941
2942
2943
2945
2946
2948
2949
2950
2952
2953
2954
2955
2957
2958
2959
2960
2962
2963
2965
2966
2967
2968
2969
2973
2975
2976
2977
2981
2982
2989
2996
2997
2998
3001
3002
3003
3004
3005
3006
3007
3008
3009
3010
3011
3012
3013
3015
3022
3023
3024
3025
3026
3027
3029
3030
3031
3032
3033
3034
3035
3037
3038
3041
3042
3043
3044
3045
3047
3051
3052
3053
3054
3057
3059
3060
3061
3062
3063
3065
3066
3068
3069
3073
3075
3076
3078
3079
3081
3082
3083
3084
3085
3086
3087
3088
3089
3090
3092
3093
3094
3095
3096
3097
3098
3099
3100
3101
3102
3103
3104
3105
3106
3107
3108
3109
3110
3111
3113
3114
3115
3116
3117
3118
3119
3120
3121
3126
3127
3128
3129
3134
3135
3136
3137
3138
3139
3140
3141
3142
3146
3147
3150
3151
3152
3153
3154
3155
3156
3157
3158
3159
3160
3161
3162
3163
3164
3167
3168
3169
3171
3172
3173
3174
3175
3176
3177
3178
3179
3180
3181
3182
3184
3185
3186
3187
3188
3189
3190
3191
3193
3199
3200
3201
3202
3203
3204
3205
3208
3209
3212
3213
3214
3215
3216
3217
3220
3221
3223
3224
3225
3226
3228
3232
3233
3234
3237
3238
3239
3240
3241
3242
3243
3244
3245
3246
3247
3251
3252
3253
3254
3258
3259
3260
3262
3263
3268
3269
3274
3279
3280
3285
3286
3287
3288
3289
3290
3291
3293
3294
3295
3296
3297
3298
3299
3303
3304
3305
3306
3307
3308
3310
3311
3312
3313
3314
3318
3319
3320
3321
3322
3323
3330
3331
3332
3336
3337
3338
3339
3340
3341
3342
3343
3344
3345
3346
3348
3349
3350
3351
3352
3353
3354
3355
3358
3359
3360
3361
3364
3365
3366
3367
3368
3369
3370
3371
3372
3373
3374
3379
3380
3381
3382
3383
3386
3387
3388
3389
3390
3398
3400
3401
3402
3403
3404
3406
3407
3408
3409
3411
3412
3416
3422
3424
3425
3426
3427
3428
3429
3430
3432
3433
3434
3435
3439
3440
3441
3442
3443
3444
3445
3446
3447
3448
3449
3450
3451
3452
3453
3454
3455
3456
3457
3458
3459
3460
3461
3463
3464
3465
3466
3467
3468
3470
3472
3476
3477
3478
3480
3486
3489
3491
3492
3494
3497
3499
3500
3502
3503
3505
3506
3507
3508
3510
3512
3513
3517
3518
3520
3522
3523
3524
3525
3526
3527
3528
3529
3530
3534
3535
3536
3537
3540
3541
3543
3545
3546
3547
3548
3549
3550
3551
3552
3553
3554
3555
3556
3557
3558
3559
3560
3561
3564
3565
3566
3567
3569
3570
3571
3574
3575
3576
3577
3578
3579
3580
3581
3582
3583
3584
3585
3587
3589
3590
3591
3592
3593
3594
3595
3596
3598
3600
3601
3602
3603
3604
3605
3606
3607
3608
3609
3610
3611
3612
3613
3614
3615
3616
3617
3619
3620
3622
3623
3624
3625
3627
3628
3629
3630
3631
3632
3633
3634
3635
3636
3637
3638
3639
3642
3643
3644
3645
3647
3648
3649
3650
3651
3652
3653
3654
3655
3656
3657
3658
3659
3662
3663
3664
3665
3666
3667
3668
3669
3670
3671
3672
3673
3674
3675
3676
3678
3679
3680
3681
3682
3683
3686
3687
3688
3690
3691
3693
3694
3695
3696
3697
3698
3699
3700
3701
3702
3703
3704
3705
3706
3708
3709
3710
3711
3712
3713
3714
3715
3716
3717
3718
3719
3720
3721
3723
3728
3729
3730
3731
3732
3733
3734
3735
3738
3739
3740
3741
3742
3743
3744
3745
3746
3747
3749
3750
3751
3752
3753
3754
3755
3756
3757
3758
3761
3762
3763
3764
3765
3766
3767
3768
3769
3770
3771
3772
3776
3777
3778
3780
3781
3782
3783
3784
3785
3786
3787
3788
3789
3790
3791
3792
3793
3794
3795
3796
3798
3799
3800
3801
3802
3803
3804
3805
3806
3807
3808
3809
3812
3813
3814
3815
3817
3818
3819
3820
3821
3822
3823
3824
3825
3826
3827
3828
3829
3830
3831
3832
3833
3834
3835
3836
3837
3838
3839
3840
3841
3842
3843
3844
3845
3846
3848
3849
3850
3851
3855
3856
3858
3859
3860
3861
3862
3863
3864
3865
3866
3867
3868
3869
3870
3871
3872
3873
3874
3877
3878
3879
3880
3881
3882
3883
3884
3885
3886
3887
3888
3889
3890
3891
3892
3893
3895
3896
3897
3898
3899
3900
3903
3904
3905
3906
3907
3908
3909
3910
3911
3912
3913
3914
3915
3916
3917
3918
3919
3920
3921
3922
3923
3924
3925
3926
3927
3928
3929
3930
3931
3932
3933
3934
3935
3936
3937
3939
3940
3941
3942
3943
3944
3945
3946
3947
3948
3949
3950
3951
3952
3953
3954
3955
3956
3957
3958
3959
3960
3961
3962
3963
3964
3965
3966
3967
3968
3969
3970
3971
3972
3973
3974
3979
3980
3981
3982
3983
3984
3985
3986
3987
3988
3989
3993
3994
3995
3996
3997
3998
3999
4001
4002
4003
4004
4005
4006
4007
4008
4009
4010
4011
4013
4014
4015
4016
4017
4018
4019
4020
4021
4022
4023
4025
4026
4027
4028
4029
4030
4031
4032
4033
4034
4036
4037
4039
4040
4041
4042
4043
4048
4049
4051
4052
4054
4060
4061
4068
4074
4075
4076
4077
4078
4079
4080
4081
4082
4083
4089
4090
4091
4092
4093
4100
4101
4103
4104
4106
4107
4108
4109
4110
4116
4117
4118
4120
4121
4123
4124
4127
4128
4129
4130
4131
4134
4136
4137
4138
4139
4140
4142
4144
4145
4146
4147
4148
4149
4155
4156
4157
4158
4162
4163
4164
4165
4166
4167
4171
4172
4173
4178
4179
4180
4181
4182
4184
4185
4186
4189
4191
4193
4196
4197
4198
4199
4200
4205
4206
4207
4208
4209
4210
4211
4212
4213
4214
4215
4216
4217
4218
4219
4223
4225
4226
4228
4230
4232
4233
4234
4236
4237
4238
4239
4241
4242
4243
4244
4247
4248
4249
4250
4251
4252
4255
4256
4257
4258
4261
4262
4267
4269
4270
4271
4272
4273
4274
4275
4276
4280
4281
4282
4283
4284
4285
4286
4287
4288
4289
4290
4291
4292
4293
4294
4295
4296
4297
4298
4299
4302
4307
4308
4309
4312
4313
4314
4315
4316
4317
4318
4320
4321
4322
4323
4325
4329
4330
4331
4332
4333
4334
4335
4336
4339
4342
4343
4344
4345
4346
4351
4352
4356
4359
4360
4361
4363
4364
4366
4372
4376
4377
4378
4387
4388
4389
4390
4391
4394
4395
4396
4397
4399
4401
4402
4403
4406
4407
4408
4409
4410
4411
4414
4422
4425
4426
4427
4428
4429
4430
4431
4433
4435
4436
4438
4439
4440
4441
4442
4443
4449
4450
4452
4454
4455
4457
4460
4461
4462
4463
4464
4465
4467
4468
4469
4473
4474
4475
4480
4481
4482
4485
4491
4493
4500
4501
4502
4503
4504
4505
4506
4509
4510
4511
4514
4515
4516
4517
4518
4519
4520
4521
4522
4529
4531
4537
4538
4541
4544
4545
4551
4558
4559
4560
4561
4562
4563
4564
4568
4570
4571
4573
4574
4575
4576
4577
4580
4581
4582
4583
4588
4592
4593
4594
4595
4596
4598
4599
4600
4602
4605
4606
4607
4608
4610
4611
4613
4615
4616
4617
4620
4621
4623
4624
4627
4628
4633
4635
4636
4637
4639
4640
4641
4643
4644
4646
4650
4651
4652
4659
4660
4661
4662
4664
4665
4666
4667
4670
4675
4676
4677
4678
4679
4681
4682
4683
4697
4699
4702
4708
4712
4713
4714
4718
4722
4723
4724
4725
4726
4729
4730
4731
4732
4733
4734
4735
4736
4739
4740
4741
4743
4746
4747
4748
4760
4761
4762
4763
4764
4767
4768
4769
4770
4771
4772
4773
4775
4778
4781
4785
4788
4790
4794
4795
4796
4801
4802
4803
4804
4807
4808
4811
4812
4813
4815
4820
4821
4822
4824
4828
4829
4832
4835
4837
4848
4849
4850
4852
4854
4857
4858
4859
4861
4862
4867
4868
4869
4870
4871
4872
4873
4875
4876
4877
4878
4882
4884
4886
4887
4893
4904
4909
4910
4911
4912
4915
4921
4926
4943
4944
4945
4946
4947
4965
4968
4969
4994
5005
5006
5007
5009
5010
5019
5035
5041
5042
5043
5044
5047
5048
5049
5051
5053
5054
5055
5056
5061
5077
5078
5079
5081
5083
5084
5112
5113
5121
5122
5123
5125
5126
5129
5144
5158
5160
5179
5182
5185
5186
5194
5195
5201
5214
5216
5242
5243
5244
5254
5256
5257
5299
5307
5308
5326
5351
5387
5391
5392
5408
5411
5428
5443
5459
5484
5491
5496
5539
5550
5582
5583
5584
5585
5617
5618
5692
5693
5694
5698
5734
5735
5749
5750
5751
5762
5767
5768
5769
5774
5775
5776
5778
5843
5857
5886
5903
5910
5920
5935
5938
5951
5956
5988
6011
6012
6013
6014
6015
6016
6017
6033
6034
6035
6050
6052
6053
6058
6073
6074
6083
6084
6085
6095
6096
6097
6100
6111
6112
6133
6146
6147
6148
6149
6150
6172
6173
6174
6175
6176
6177
6183
6188
6198
6199
6202
6203
6204
6205
6206
6207
6212
6215
6216
6217
6218
6219
6220
6221
6222
6223
6224
6225
6226
6227
6229
6230
6231
6232
6233
6234
6235
6236
6237
6240
6241
6242
6243
6244
6245
6246
6247
6248
6249
6250
6251
6252
6253
6254
6255
6256
6257
6258
6259
6260
6261
6262
6263
6264
6265
6266
6267
6268
6269
6270
6271
6272
6273
6274
6275
6276
6277
6278
6279
6280
6281
6282
6283
6284
6285
6286
6287
6288
6289
6290
6291
6292
6293
6294
6295
6296
6297
6298
6299
6300
6301
6302
6303
6304
6305
6306
6307
6308
6309
6310
6311
6312
6313
6314
6315
6316
6317
6318
6319
6320
6321
6322
6323
6324
6325
6326
6327
6328
6329
6330
6331
6332
6333
6334
6335
6336
6337
6338
6339
6340
6341
6342
6343
6344
6345
6346
6347
6348
6349
6350
6351
6352
6353
6354
6355
6356
6357
6358
6359
6360
6361
6362
6363
6364
6365
6366
6367
6368
6369
6370
6371
6372
6373
6374
6375
6376
6377
6378
6379
6380
6381
6382
6383
6384
6385
6386
6387
6388
6389
6390
6391
6392
6393
6394
6395
6396
6397
6398
6399
6400
6401
6402
6403
6404
6405
6406
6407
6408
6409
6410
6411
6412
6413
6414
6415
6416
6417
6418
6419
6420
6421
6422
6423
6424
6425
6426
6427
6428
6429
6430
6431
6432
6433
6434
6435
6436
6437
6438
6439
6440
6441
6442
6443
6444
6445
6446
6447
6448
6449
6450
6451
6452
6453
6454
6455
6456
6457
6458
6459
6460
6461
6462
6463
6464
6465
6466
6467
6468
6469
6470
6471
6472
6473
6474
6475
6476
6477
6478
6479
6480
6481
6482
6483
6484
6485
6486
6487
6488
6489
6490
6491
6492
6493
6494
6495
6496
6497
6498
6499
6500
6501
6502
6503
6504
6505
6506
6507
6508
6509
6510
6511
6512
6513
6514
6515
6516
6517
6518
6519
6520
6521
6522
6523
6524
6525
6526
6527
6528
6529
6530
6531
6532
6533
6534
6535
6536
6537
6538
6539
6540
6541
6542
6543
6544
6545
6546
6547
6548
6549
6550
6551
6552
6553
6554
6555
6556
6557
6558
6559
6560
6561
6562
6563
6564
6565
6566
6567
6568
6569
6570
6571
6572
6573
6574
6575
6576
6577
6578
6579
6580
6581
6582
6583
6584
6585
6586
6587
6588
6589
6590
6591
6592
6593
6594
6595
6596
6597
6598
6599
6600
6601
6602
6603
6604
6605
6606
6607
6608
6609
6610
6611
6612
6613
6614
6615
6616
6617
6618
6619
6620
6621
6622
6623
6624
6625
6626
6627
6628
6629
6630
6631
6632
6633
6634
6635
6636
6637
6638
6639
6640
6641
6642
6643
6644
6645
6646
6647
6648
6649
6650
6651
6652
6653
6654
6655
6656
6657
6658
6659
6660
6661
6662
6663
6664
6665
6666
6667
6668
6669
6670
6671
6672
6673
6674
6675
6676
6677
6678
6679
6680
6681
6682
6683
6684
6685
6686
6687
6688
6689
6690
6691
6692
6693
6694
6695
6696
6697
6698
6699
6700
6701
6702
6703
6704
6705
6706
6707
6708
6709
6710
6711
6712
6713
6714
6715
6716
6717
6718
6719
6720
6721
6722
6723
6724
6725
6726
6727
6728
6729
6730
6731
6732
6733
6734
6735
6736
6737
6738
6739
6740
6741
6742
6743
6744
6745
6746
6747
6748
6749
6750
6751
6752
6753
6754
6755
6756
6757
6758
6759
6760
6761
6762
6763
6764
6765
6766
6767
6768
6769
6770
6771
6772
6773
6774
6775
6776
6777
6778
6779
6780
6781
6782
6783
6784
6785
6786
6787
6788
6789
6790
6791
6792
6793
6794
6795
6796
6797
6798
6799
6800
6801
6802
6803
6804
6805
6806
6807
6808
6809
6810
6811
6812
6813
6814
6815
6816
6817
6818
6819
6820
6821
6822
6823
6824
6825
6826
6827
6828
6829
6830
6831
6832
6833
6834
6835
6836
6837
6838
6839
6840
6841
6842
6843
6844
6845
6846
6847
6848
6849
6850
6851
6852
6853
6854
6855
6856
6857
6858
6859
6860
6861
6862
6863
6864
6865
6866
6867
6868
6869
6870
6871
6872
6873
6874
6875
6876
6877
6878
6879
6880
6881
6882
6883
6884
6885
6886
6887
6888
6889
6890
6891
6892
6893
6894
6895
6896
6897
6898
6899
6900
6901
6902
6903
6904
6905
6906
6907
6908
6909
6910
6911
6912
6913
6914
6915
6916
6917
6918
6919
6920
6921
6922
6923
6924
6925
6926
6927
6928
6929
6930
6931
6932
6933
6934
6935
6936
6937
6938
6939
6940
6941
6942
6943
6944
6945
6947
6952
6959
6960
6963
6972
6979
6981
6986
6992
7008
7029
7033
