1
2
3
6
7
8
10
11
13
14
15
18
24
26
27
29
30
31
33
34
35
36
38
42
45
46
47
48
50
51
53
54
55
56
58
59
60
62
63
64
65
67
71
72
73
75
76
78
79
80
81
83
84
86
88
91
93
95
96
97
99
100
102
103
104
105
107
108
110
112
113
114
116
117
119
121
122
124
127
128
129
132
134
135
138
139
140
141
143
145
146
147
149
150
151
152
153
156
157
160
161
162
164
165
167
170
172
173
174
177
178
182
184
187
189
190
192
194
197
199
200
201
203
204
205
206
208
209
211
212
214
215
216
219
222
223
224
225
227
228
231
234
235
238
240
241
242
244
245
247
249
251
253
256
257
258
260
261
262
263
264
266
267
268
270
272
274
276
279
280
284
285
286
287
289
290
291
292
294
295
297
299
300
301
302
303
304
306
307
308
310
312
313
314
316
318
319
320
321
323
325
326
327
328
329
331
332
333
334
336
337
339
340
341
342
344
345
350
351
353
354
355
356
357
358
359
361
362
364
367
368
369
370
375
376
378
380
382
383
386
389
390
392
393
394
395
396
398
402
403
404
406
407
408
409
410
411
413
415
416
417
418
419
420
421
423
424
425
426
427
428
429
430
431
433
434
436
437
438
439
440
442
443
445
447
448
450
451
452
453
455
456
458
459
460
461
462
463
464
465
467
469
472
473
474
475
476
477
478
479
480
481
482
483
484
487
488
489
492
493
495
496
498
500
502
504
505
507
508
509
510
511
512
513
514
515
517
518
519
521
522
524
526
527
528
529
530
533
534
535
537
538
543
544
545
547
549
550
551
552
554
555
557
558
560
561
562
563
564
566
567
570
571
573
574
575
577
578
580
581
582
583
584
588
589
591
593
594
595
596
599
600
602
604
605
606
607
608
609
610
612
613
614
615
616
618
619
621
622
623
625
626
627
628
629
630
632
633
639
640
642
643
644
645
646
647
648
649
651
652
656
657
658
659
661
664
666
668
671
673
674
677
681
683
688
689
693
696
697
699
703
706
707
708
712
713
716
720
722
726
728
729
732
733
734
740
742
749
758
762
767
771
774
775
777
779
782
785
786
793
798
808
809
810
812
816
818
822
827
831
832
834
836
837
840
841
842
844
846
849
852
853
854
857
864
867
868
872
873
874
875
876
877
878
882
884
888
889
893
894
896
900
901
912
940
942
944
947
951
952
954
964
967
968
969
972
973
974
976
978
980
981
983
984
985
987
988
990
991
994
995
996
997
998
999
1000
1001
1002
1004
1006
1007
1009
1010
1011
1012
1014
1017
1018
1020
1021
1024
1032
1033
1035
1037
1038
1041
1042
1043
1044
1047
1049
1050
1052
1056
1057
1059
1060
1064
1065
1066
1067
1069
1070
1073
1074
1075
1077
1079
1080
1082
1085
1089
1090
1091
1093
1096
1097
1101
1102
1104
1107
1108
1109
1112
1113
1117
1118
1121
1124
1125
1127
1128
1131
1132
1135
1138
1140
1141
1143
1144
1145
1147
1149
1150
1153
1155
1156
1157
1158
1161
1163
1164
1166
1167
1168
1173
1178
1179
1187
1188
1189
1190
1199
1202
1203
1206
1210
1211
1212
1213
1214
1218
1219
1220
1221
1226
1227
1228
1229
1232
1234
1238
1239
1241
1243
1244
1245
1246
1250
1259
1260
1262
1263
1269
1270
1273
1275
1276
1277
1282
1285
1286
1287
1288
1289
1290
1295
1296
1299
1300
1305
1307
1312
1316
1320
1327
1330
1332
1333
1336
1337
1338
1339
1340
1346
1347
1348
1349
1350
1351
1354
1355
1356
1357
1359
1361
1364
1366
1371
1372
1376
1379
1384
1385
1390
1391
1393
1394
1395
1396
1397
1398
1399
1401
1402
1403
1404
1405
1411
1412
1413
1414
1415
1416
1418
1419
1421
1422
1423
1424
1425
1430
1431
1435
1437
1438
1439
1441
1443
1444
1446
1447
1448
1449
1452
1456
1457
1461
1463
1464
1471
1472
1474
1476
1477
1482
1484
1486
1487
1488
1489
1490
1491
1498
1499
1500
1501
1502
1503
1505
1506
1507
1509
1513
1516
1519
1523
1524
1527
1530
1531
1533
1534
1535
1536
1537
1539
1540
1541
1542
1545
1550
1553
1559
1560
1562
1566
1568
1569
1570
1572
1575
1576
1580
1582
1584
1585
1587
1589
1598
1599
1605
1606
1610
1612
1613
1616
1619
1623
1624
1626
1627
1629
1630
1631
1632
1633
1634
1637
1639
1640
1642
1643
1644
1645
1646
1649
1650
1651
1653
1654
1655
1658
1659
1661
1662
1663
1664
1668
1669
1671
1672
1673
1677
1679
1682
1685
1686
1687
1689
1690
1691
1692
1693
1694
1696
1697
1704
1705
1706
1710
1711
1712
1713
1714
1717
1718
1719
1721
1724
1725
1726
1727
1729
1730
1731
1732
1733
1734
1735
1738
1739
1741
1743
1744
1745
1747
1748
1750
1754
1755
1756
1758
1759
1760
1761
1764
1765
1766
1767
1769
1771
1776
1777
1778
1779
1780
1781
1782
1784
1786
1787
1792
1793
1794
1799
1800
1807
1808
1810
1814
1816
1821
1822
1829
1832
1839
1845
1846
1847
1848
1849
1874
1875
1876
1877
1878
1879
1880
1882
1883
1885
1889
1890
1891
1892
1904
1906
1907
1908
1914
1915
1917
1918
1919
1922
1924
1925
1926
1927
1930
1933
1934
1935
1936
1943
1944
1945
1956
1957
1959
1960
1962
1964
1965
1968
1971
1972
1974
1975
1976
1977
1978
1979
1980
1981
1983
1984
1986
1987
1990
1991
1993
1994
1995
1996
1997
1998
2001
2002
2003
2005
2006
2009
2010
2013
2014
2015
2017
2018
2022
2023
2024
2025
2026
2028
2029
2033
2034
2036
2037
2038
2039
2040
2041
2042
2043
2044
2045
2046
2047
2048
2050
2051
2052
2058
2062
2063
2065
2067
2069
2071
2075
2076
2078
2079
2083
2084
2085
2086
2089
2090
2091
2094
2095
2097
2098
2099
2101
2102
2105
2106
2107
2108
2109
2110
2112
2114
2115
2116
2117
2119
2120
2123
2124
2125
2126
2129
2131
2133
2136
2137
2141
2142
2144
2145
2147
2149
2152
2153
2154
2156
2157
2158
2159
2160
2162
2163
2164
2165
2169
2170
2173
2178
2179
2180
2183
2190
2193
2194
2195
2196
2197
2198
2199
2200
2202
2203
2204
2205
2206
2207
2208
2209
2210
2211
2214
2215
2216
2218
2220
2221
2222
2230
2231
2232
2233
2234
2236
2237
2239
2242
2243
2245
2246
2247
2248
2249
2250
2251
2252
2253
2254
2255
2256
2259
2263
2265
2266
2267
2268
2269
2271
2272
2273
2274
2276
2277
2278
2284
2286
2289
2290
2291
2292
2293
2294
2295
2296
2297
2298
2299
2300
2301
2302
2307
2308
2309
2311
2315
2319
2320
2322
2323
2324
2326
2327
2328
2333
2336
2337
2339
2341
2342
2343
2344
2347
2348
2349
2351
2352
2353
2354
2355
2356
2359
2360
2361
2362
2365
2366
2367
2368
2369
2370
2372
2373
2375
2376
2380
2381
2382
2383
2384
2385
2387
2391
2395
2396
2398
2399
2402
2407
2408
2412
2413
2414
2415
2416
2418
2419
2420
2424
2425
2426
2428
2432
2433
2435
2436
2441
2444
2445
2446
2451
2453
2454
2455
2456
2457
2458
2459
2460
2463
2469
2470
2471
2472
2473
2474
2477
2478
2479
2480
2481
2483
2485
2486
2487
2489
2490
2491
2494
2495
2499
2500
2501
2502
2503
2504
2505
2506
2507
2508
2509
2511
2513
2514
2523
2524
2526
2527
2529
2534
2535
2537
2538
2541
2545
2546
2547
2548
2549
2550
2551
2552
2554
2555
2556
2558
2559
2560
2561
2562
2563
2564
2565
2566
2567
2568
2569
2570
2571
2572
2573
2577
2578
2579
2580
2584
2585
2587
2588
2589
2591
2592
2593
2594
2595
2596
2597
2598
2599
2600
2601
2602
2603
2604
2605
2608
2610
2611
2612
2613
2614
2615
2616
2617
2618
2619
2623
2628
2629
2633
2634
2635
2636
2637
2638
2639
2641
2644
2645
2649
2650
2655
2656
2657
2661
2664
2665
2667
2668
2669
2670
2671
2672
2673
2674
2676
2679
2681
2682
2683
2684
2688
2690
2691
2692
2693
2694
2698
2699
2701
2705
2706
2707
2708
2709
2711
2712
2713
2714
2715
2717
2718
2719
2724
2725
2726
2728
2729
2730
2731
2732
2734
2735
2736
2737
2741
2742
2744
2745
2746
2747
2748
2749
2752
2753
2756
2757
2761
2762
2764
2766
2767
2768
2770
2771
2772
2773
2779
2780
2782
2783
2787
2796
2798
2799
2800
2803
2804
2805
2806
2807
2808
2809
2810
2811
2812
2814
2816
2817
2818
2819
2820
2821
2822
2827
2828
2829
2834
2835
2836
2841
2842
2845
2846
2847
2851
2852
2853
2856
2857
2858
2859
2862
2865
2871
2872
2873
2874
2875
2876
2877
2879
2880
2881
2882
2883
2884
2887
2890
2891
2892
2893
2894
2898
2900
2901
2902
2903
2904
2905
2906
2907
2908
2909
2910
2911
2912
2913
2918
2919
2923
2924
2925
2927
2928
2931
2932
2938
2940
2943
2944
2945
2946
2947
2948
2949
2952
2953
2954
2956
2959
2960
2963
2964
2965
2966
2969
2971
2972
2973
2974
2975
2976
2978
2979
2980
2981
2983
2984
2985
2986
2987
2989
2993
2994
2995
2996
2997
3002
3003
3004
3005
3006
3007
3008
3009
3010
3012
3013
3015
3017
3019
3020
3021
3024
3028
3031
3033
3034
3035
3036
3037
3038
3040
3043
3047
3048
3052
3054
3055
3056
3062
3063
3064
3065
3068
3071
3072
3073
3074
3086
3087
3089
3091
3092
3093
3097
3098
3109
3110
3115
3123
3126
3128
3131
3132
3136
3137
3144
3145
3146
3147
3155
3156
3160
3164
3169
3171
3173
3174
3175
3176
3177
3180
3181
3182
3183
3184
3185
3186
3187
3190
3191
3193
3194
3195
3197
3198
3200
3201
3202
3204
3206
3207
3212
3213
3214
3215
3216
3217
3218
3219
3220
3221
3222
3223
3224
3225
3226
3227
3228
3229
3230
3231
3232
3235
3236
3239
3240
3241
3242
3243
3244
3247
3249
3253
3255
3256
3257
3260
3266
3267
3268
3273
3275
3276
3278
3279
3280
3281
3282
3285
3286
3287
3290
3292
3294
3304
3305
3306
3307
3309
3310
3311
3312
3313
3314
3315
3316
3318
3320
3323
3324
3328
3329
3332
3333
3334
3339
3341
3345
3346
3347
3348
3349
3353
3355
3356
3357
3358
3359
3360
3364
3365
3366
3367
3368
3369
3370
3371
3372
3373
3374
3375
3376
3377
3378
3379
3382
3383
3384
3385
3386
3388
3389
3390
3391
3394
3397
3401
3402
3403
3404
3405
3406
3409
3410
3411
3412
3419
3420
3421
3423
3424
3425
3426
3427
3428
3430
3431
3432
3433
3434
3437
3438
3439
3440
3441
3442
3443
3444
3445
3446
3448
3449
3450
3451
3452
3453
3454
3455
3456
3458
3464
3466
3467
3468
3469
3471
3474
3475
3476
3477
3478
3480
3482
3483
3484
3486
3490
3491
3492
3496
3497
3501
3502
3503
3504
3506
3507
3508
3509
3510
3511
3512
3513
3516
3517
3520
3521
3522
3523
3529
3532
3535
3537
3540
3541
3542
3543
3544
3546
3551
3552
3553
3554
3555
3556
3557
3558
3561
3562
3563
3567
3569
3570
3571
3573
3574
3575
3576
3577
3579
3581
3584
3588
3589
3594
3597
3598
3599
3603
3607
3608
3612
3613
3616
3618
3619
3620
3621
3628
3630
3631
3632
3633
3636
3637
3639
3640
3641
3642
3643
3644
3645
3647
3651
3652
3653
3654
3655
3656
3657
3658
3660
3661
3662
3663
3664
3668
3669
3670
3674
3675
3676
3677
3679
3680
3681
3682
3684
3685
3691
3692
3693
3694
3695
3696
3697
3698
3699
3700
3701
3706
3707
3708
3709
3712
3715
3716
3717
3718
3719
3720
3721
3723
3726
3733
3735
3736
3737
3742
3749
3750
3756
3757
3758
3759
3765
3767
3768
3769
3770
3778
3779
3780
3781
3784
3785
3786
3790
3793
3794
3798
3799
3800
3801
3805
3806
3811
3814
3816
3817
3818
3825
3826
3827
3828
3829
3839
3840
3841
3842
3846
3847
3849
3853
3854
3864
3867
3868
3869
3870
3874
3875
3877
3883
3894
3895
3896
3902
3903
3907
3908
3909
3910
3911
3918
3919
3920
3921
3922
3923
3924
3926
3934
3936
3940
3941
3942
3949
3952
3953
3955
3956
3957
3959
3960
3961
3962
3964
3966
3968
3969
3975
3979
3984
3985
3993
3999
4004
4007
4008
4009
4010
4012
4013
4014
4015
4020
4021
4022
4023
4026
4028
4030
4031
4032
4038
4039
4040
4043
4052
4054
4055
4056
4057
4058
4059
4060
4061
4062
4063
4068
4069
4075
4076
4077
4078
4079
4080
4083
4084
4086
4088
4089
4090
4091
4092
4093
4094
4095
4098
4101
4103
4106
4107
4113
4114
4119
4120
4121
4122
4123
4126
4138
4140
4145
4146
4149
4156
4157
4158
4159
4160
4161
4163
4164
4165
4166
4167
4168
4169
4170
4171
4172
4173
4174
4175
4176
4177
4182
4183
4185
4186
4187
4189
4190
4192
4196
4204
4206
4207
4208
4209
4210
4211
4212
4213
4214
4215
4216
4218
4219
4220
4223
4225
4226
4227
4228
4229
4230
4231
4232
4233
4234
4236
4237
4238
4240
4241
4242
4244
4251
4252
4253
4257
4259
4261
4263
4269
4271
4272
4273
4275
4276
4280
4282
4288
4299
4301
4303
4304
4306
4307
4308
4309
4310
4315
4316
4317
4330
4348
4349
4350
4351
4352
4353
4355
4356
4358
4361
4362
4363
4365
4369
4370
4371
4375
4378
4381
4382
4385
4386
4387
4388
4389
4393
4394
4398
4399
4400
4401
4403
4405
4406
4408
4410
4411
4412
4414
4415
4416
4417
4420
4421
4422
4423
4424
4425
4426
4429
4430
4437
4438
4439
4441
4442
4443
4445
4447
4451
4452
4454
4455
4460
4465
4477
4478
4481
4482
4503
4504
4507
4508
4509
4510
4533
4534
4536
4538
4539
4542
4543
4548
4550
4551
4552
4553
4554
4555
4556
4568
4569
4570
4574
4575
4576
4577
4578
4582
4583
4584
4587
4588
4589
4590
4591
4592
4593
4594
4596
4598
4599
4600
4601
4602
4603
4609
4610
4611
4612
4613
4614
4615
4617
4618
4619
4620
4623
4624
4625
4626
4627
4628
4629
4630
4631
4632
4635
4636
4637
4638
4639
4640
4641
4642
4643
4644
4645
4646
4647
4648
4649
4650
4651
4652
4653
4654
4655
4656
4657
4658
4659
4660
4661
4662
4663
4664
4665
4666
4667
4668
4669
4670
4671
4672
4673
4674
4675
4678
4679
4680
4681
4684
4685
4686
4687
4688
4689
4690
4691
4692
4693
4694
4695
4696
4697
4698
4699
4700
4701
4702
4703
4704
4705
4706
4709
4710
4711
4712
4713
4714
4715
4716
4717
4718
4719
4720
4721
4722
4723
4724
4725
4726
4727
4728
4729
4730
4731
4732
4733
4734
4735
4736
4737
4738
4739
4740
4741
4742
4743
4744
4745
4746
4747
4748
4750
4751
4752
4753
4754
4755
4756
4757
4758
4759
4760
4761
4762
4763
4764
4765
4766
4767
4768
4769
4770
4771
4772
4773
4774
4775
4776
4777
4778
4779
4780
4781
4782
4783
4784
4785
4786
4787
4788
4789
4790
4791
4792
4793
4794
4795
4796
4797
4798
4799
4800
4801
4802
4803
4804
4805
4806
4807
4808
4809
4810
4811
4812
4813
4814
4815
4816
4817
4818
4819
4820
4821
4822
4823
4824
4825
4826
4827
4828
4829
4830
4831
4832
4833
4834
4835
4836
4837
4838
4839
4840
4841
4842
4843
4844
4845
4846
4847
4848
4849
4850
4851
4853
4854
4855
4856
4857
4858
4859
4860
4861
4862
4863
4864
4865
4866
4867
4871
4872
4873
4874
4875
4876
4877
4878
4879
4880
4881
4882
4883
4884
4885
4886
4887
4888
4889
4890
4891
4892
4893
4894
4895
4896
4897
4898
4899
4900
4901
4902
4903
4904
4905
4906
4907
4908
4909
4910
4911
4912
4913
4914
4915
4916
4917
4918
4919
4920
4921
4922
4923
4924
4925
4926
4927
4928
4929
4930
4931
4932
4933
4934
4935
4936
4937
4938
4939
4940
4941
4942
4943
4944
4945
4946
4947
4948
4949
4950
4951
4952
4953
4954
4955
4956
4957
4958
4959
4960
4961
4962
4963
4964
4965
4966
4967
4968
4969
4970
4971
4972
4973
4974
4975
4976
4977
4978
4979
4980
4981
4982
4983
4984
4985
4986
4987
4988
4989
4990
4991
4992
4993
4994
4995
4996
4997
4998
4999
5000
5001
5002
5003
5004
5005
5006
5007
5008
5009
5010
5011
5016
5017
5019
5021
5024
5025
5026
5027
5029
5033
5034
5036
5038
5042
5043
5049
5050
5051
5053
5056
5057
5058
5059
5060
5061
5062
5063
5064
5065
5066
5067
5068
5069
5070
5071
5072
5073
5074
5075
5076
5077
5078
5079
5082
5088
5089
5090
5092
5093
5094
5095
5096
5097
5098
5108
5112
5114
5115
5116
5117
5118
5119
5120
5121
5122
5143
5158
5159
5160
5162
5163
5167
5176
5177
5178
5179
5180
5181
5183
5184
5185
5194
5197
5198
5201
5202
5215
5223
5224
5225
5230
5231
5232
5233
5239
5240
5241
5242
5243
5283
5298
5308
5309
5315
5316
5357
5358
5379
5381
5397
5398
5401
5405
5407
5408
5409
5410
5473
5555
5558
5561
5563
5573
5578
5579
5580
5584
5587
5589
5591
5596
5599
5600
5604
5605
5607
5610
5613
5615
5617
5618
5620
5621
5642
5649
5650
5658
5659
5661
5667
5668
5674
5676
5678
5684
5685
5688
5700
5704
5708
5709
5712
5715
5723
5730
5731
5732
5746
5747
5750
5793
5797
5808
5809
5810
5812
5815
5817
5822
5823
5824
5859
5862
5869
5870
5874
5884
5889
5893
5902
5904
5907
5922
5923
5925
5931
5936
5938
5942
5946
5954
5956
5970
5971
5978
6039
6046
6047
6059
6060
6068
6073
6075
6077
6084
6104
6113
6114
6115
