1
2
4
5
6
16
24
25
26
27
29
30
33
46
52
54
55
56
59
76
77
78
86
87
89
99
100
101
105
120
139
140
141
142
157
199
204
206
208
219
220
221
223
225
234
236
237
242
244
245
248
249
250
251
254
255
256
257
258
259
267
269
270
271
272
277
279
280
282
283
285
286
291
310
311
313
315
317
318
319
326
337
338
343
344
351
352
353
355
357
369
373
376
378
379
380
382
383
384
403
406
407
408
412
413
414
417
423
425
426
430
431
434
436
440
441
443
447
448
449
450
451
452
453
455
457
458
472
473
474
475
476
481
485
497
508
510
511
514
515
517
526
527
528
551
554
555
556
557
559
560
561
569
570
571
577
582
585
586
589
590
592
593
595
597
598
599
621
622
623
624
625
626
627
630
631
633
634
635
638
640
642
648
649
651
652
653
654
655
656
657
660
661
662
663
664
666
667
668
670
671
672
673
674
675
677
681
682
683
684
685
688
689
690
691
692
695
712
727
730
732
733
734
741
746
747
748
750
751
752
755
756
757
759
767
768
769
776
778
779
786
788
789
794
795
796
797
799
800
806
807
811
812
813
821
822
827
830
833
835
842
849
850
851
854
855
856
857
861
871
872
873
876
877
878
879
880
881
887
890
893
894
895
901
902
910
911
912
915
918
927
928
930
931
932
933
936
938
943
955
969
970
973
976
977
978
982
985
986
991
995
998
1004
1005
1006
1008
1009
1010
1012
1013
1014
1019
1021
1022
1032
1033
1036
1048
1049
1055
1056
1061
1069
1071
1074
1082
1084
1087
1089
1091
1094
1097
1103
1110
1111
1112
1122
1141
1143
1147
1148
1149
1152
1153
1158
1159
1162
1165
1166
1168
1170
1174
1176
1179
1180
1181
1187
1190
1195
1196
1197
1200
1202
1203
1209
1211
1217
1218
1226
1227
1230
1236
1240
1245
1246
1247
1248
1250
1252
1253
1254
1255
1256
1259
1264
1265
1266
1272
1281
1282
1284
1285
1286
1290
1291
1293
1302
1305
1306
1307
1309
1310
1311
1317
1320
1321
1322
1323
1324
1325
1327
1332
1336
1338
1339
1340
1341
1344
1347
1354
1360
1361
1362
1364
1370
1374
1375
1376
1380
1383
1384
1385
1387
1394
1395
1396
1397
1402
1403
1404
1406
1408
1409
1410
1414
1415
1418
1419
1420
1429
1430
1433
1435
1436
1437
1438
1440
1444
1445
1448
1449
1450
1452
1455
1456
1470
1475
1477
1479
1481
1490
1492
1494
1495
1496
1497
1500
1505
1507
1508
1512
1517
1518
1519
1520
1523
1524
1526
1532
1536
1537
1538
1540
1542
1545
1546
1552
1553
1554
1555
1558
1559
1561
1564
1574
1576
1577
1584
1585
1586
1588
1591
1592
1595
1596
1597
1601
1602
1604
1606
1607
1608
1613
1616
1622
1624
1627
1629
1630
1631
1632
1635
1638
1640
1641
1643
1646
1647
1648
1652
1653
1654
1655
1657
1659
1660
1661
1662
1664
1665
1672
1673
1674
1676
1677
1678
1679
1680
1681
1687
1688
1691
1695
1696
1700
1701
1702
1705
1706
1709
1712
1713
1714
1717
1720
1725
1730
1735
1737
1738
1739
1742
1744
1747
1752
1755
1756
1759
1769
1770
1771
1773
1774
1775
1776
1777
1778
1785
1786
1788
1789
1790
1791
1792
1796
1797
1798
1801
1802
1803
1804
1805
1807
1808
1809
1810
1812
1814
1817
1820
1821
1822
1823
1824
1826
1827
1828
1834
1835
1836
1838
1839
1841
1842
1844
1845
1847
1849
1850
1852
1856
1862
1865
1866
1874
1875
1877
1878
1879
1880
1881
1883
1884
1885
1886
1887
1890
1891
1892
1896
1897
1898
1899
1900
1902
1905
1908
1913
1914
1916
1922
1923
1927
1929
1933
1936
1937
1938
1939
1940
1942
1943
1944
1951
1957
1958
1964
1970
1972
1973
1974
1977
1979
1980
1981
1982
1983
1984
1986
1987
1988
1989
1991
1993
1997
1998
1999
2001
2003
2004
2007
2009
2010
2011
2013
2014
2017
2018
2021
2022
2023
2024
2025
2026
2028
2029
2033
2034
2035
2037
2038
2039
2041
2043
2044
2047
2049
2050
2052
2053
2061
2063
2065
2067
2068
2071
2073
2075
2076
2078
2079
2080
2082
2083
2085
2086
2087
2091
2092
2095
2096
2097
2099
2100
2101
2104
2105
2106
2110
2111
2112
2114
2119
2122
2123
2124
2125
2126
2130
2132
2133
2134
2135
2136
2140
2141
2143
2146
2147
2151
2153
2154
2155
2157
2158
2159
2161
2165
2166
2167
2169
2171
2172
2176
2178
2179
2180
2182
2183
2188
2192
2193
2194
2195
2197
2198
2200
2201
2202
2204
2205
2207
2208
2209
2210
2211
2212
2215
2218
2220
2225
2226
2227
2228
2229
2230
2231
2232
2233
2234
2235
2236
2237
2238
2239
2240
2241
2242
2243
2246
2247
2251
2253
2254
2255
2256
2257
2258
2259
2260
2261
2262
2263
2265
2268
2269
2270
2271
2272
2273
2276
2285
2286
2287
2290
2291
2292
2293
2294
2295
2296
2299
2300
2301
2302
2304
2305
2306
2307
2308
2309
2310
2311
2312
2316
2317
2318
2319
2320
2322
2324
2327
2328
2329
2330
2331
2332
2338
2339
2340
2341
2344
2345
2346
2347
2348
2351
2352
2355
2356
2357
2358
2359
2360
2361
2362
2363
2364
2365
2366
2368
2369
2370
2371
2372
2373
2374
2375
2377
2382
2383
2384
2385
2386
2387
2388
2389
2391
2392
2393
2394
2395
2396
2397
2398
2403
2404
2407
2410
2411
2412
2413
2414
2415
2416
2417
2418
2421
2422
2423
2424
2427
2428
2429
2430
2431
2432
2434
2435
2436
2438
2439
2440
2441
2442
2443
2444
2445
2446
2447
2448
2449
2450
2451
2452
2453
2461
2462
2463
2464
2465
2469
2470
2471
2472
2477
2478
2480
2481
2482
2483
2484
2485
2486
2488
2496
2497
2498
2500
2501
2503
2504
2505
2506
2507
2511
2512
2515
2516
2517
2518
2521
2522
2523
2525
2526
2527
2528
2530
2531
2532
2533
2534
2535
2536
2538
2539
2540
2542
2543
2544
2545
2546
2547
2548
2550
2552
2553
2556
2557
2558
2559
2561
2565
2566
2567
2568
2569
2571
2572
2573
2575
2576
2577
2578
2579
2581
2582
2583
2584
2585
2586
2589
2590
2591
2592
2593
2595
2596
2597
2598
2599
2600
2601
2602
2604
2605
2606
2607
2608
2609
2610
2611
2612
2613
2615
2616
2617
2618
2619
2621
2622
2623
2635
2636
2637
2638
2639
2640
2641
2642
2643
2644
2647
2653
2657
2658
2659
2660
2662
2663
2664
2665
2666
2667
2668
2669
2671
2672
2673
2674
2677
2680
2683
2684
2685
2686
2689
2690
2691
2692
2693
2694
2695
2696
2697
2698
2699
2700
2701
2702
2703
2706
2707
2708
2709
2710
2711
2712
2713
2715
2716
2717
2718
2726
2730
2731
2732
2734
2735
2736
2737
2738
2739
2740
2741
2742
2743
2744
2745
2747
2748
2749
2750
2751
2752
2753
2754
2755
2756
2757
2758
2759
2760
2761
2765
2766
2767
2768
2769
2770
2771
2772
2773
2774
2775
2776
2777
2778
2779
2781
2783
2784
2785
2786
2787
2790
2791
2792
2793
2794
2795
2800
2801
2804
2805
2806
2807
2808
2809
2810
2811
2812
2813
2819
2820
2821
2822
2823
2827
2828
2829
2830
2832
2834
2835
2837
2838
2839
2840
2841
2843
2846
2847
2850
2851
2852
2853
2854
2855
2856
2857
2859
2863
2864
2865
2866
2867
2868
2871
2872
2873
2874
2875
2880
2881
2882
2883
2887
2889
2894
2895
2897
2899
2901
2902
2905
2906
2907
2910
2911
2912
2913
2914
2915
2918
2919
2920
2924
2925
2929
2930
2931
2932
2933
2934
2935
2936
2937
2939
2944
2951
2952
2954
2955
2959
2961
2962
2963
2964
2968
2969
2970
2971
2974
2975
2977
2978
2984
2985
2986
2987
2988
2989
2990
2994
2995
2998
2999
3001
3004
3009
3010
3013
3014
3017
3018
3019
3023
3024
3027
3029
3033
3034
3035
3037
3038
3039
3040
3045
3052
3059
3061
3062
3064
3067
3070
3074
3076
3077
3078
3079
3080
3081
3082
3083
3084
3085
3094
3097
3098
3101
3104
3106
3109
3112
3113
3119
3124
3128
3130
3132
3133
3139
3149
3150
3160
3161
3163
3165
3169
3171
3173
3177
3180
3184
3185
3186
3188
3192
3193
3194
3197
3198
3199
3200
3201
3202
3203
3206
3207
3209
3211
3213
3214
3215
3217
3218
3220
3221
3223
3225
3226
3227
3242
3245
3246
3247
3251
3252
3256
3259
3260
3261
3264
3266
3268
3272
3273
3275
3276
3280
3287
3289
3290
3297
3298
3301
3306
3311
3312
3313
3316
3317
3319
3320
3324
3325
3327
3331
3334
3335
3336
3337
3340
3346
3353
3358
3360
3361
3362
3364
3368
3370
3373
3374
3376
3377
3380
3382
3383
3388
3389
3395
3397
3398
3402
3403
3407
3413
3414
3415
3416
3419
3425
3426
3428
3433
3435
3436
3437
3438
3440
3444
3447
3449
3450
3451
3452
3453
3455
3456
3458
3461
3463
3464
3469
3470
3474
3476
3477
3478
3479
3484
3485
3486
3487
3489
3490
3492
3494
3495
3497
3498
3499
3502
3503
3506
3507
3508
3510
3511
3515
3516
3517
3518
3519
3520
3523
3524
3526
3531
3533
3534
3541
3543
3545
3546
3548
3551
3559
3561
3562
3564
3565
3567
3570
3574
3575
3579
3580
3581
3587
3589
3591
3595
3599
3601
3609
3611
3612
3613
3614
3615
3616
3617
3618
3623
3624
3627
3629
3630
3634
3635
3637
3639
3640
3643
3644
3645
3647
3648
3651
3652
3656
3660
3661
3663
3664
3666
3667
3670
3671
3672
3673
3674
3678
3679
3681
3682
3683
3684
3689
3691
3694
3696
3697
3701
3704
3705
3709
3712
3713
3715
3716
3718
3724
3725
3726
3727
3728
3732
3734
3735
3736
3737
3739
3740
3741
3743
3744
3745
3746
3747
3748
3749
3751
3752
3754
3757
3758
3759
3761
3762
3763
3765
3766
3768
3772
3773
3774
3775
3776
3778
3783
3785
3788
3789
3790
3800
3801
3802
3804
3806
3807
3808
3809
3811
3812
3813
3817
3820
3821
3823
3825
3826
3830
3833
3834
3835
3836
3837
3838
3839
3844
3845
3849
3850
3851
3854
3855
3856
3859
3860
3862
3863
3864
3865
3866
3869
3872
3873
3874
3879
3882
3887
3888
3891
3892
3900
3901
3902
3904
3907
3908
3912
3915
3916
3917
3918
3921
3923
3924
3928
3931
3933
3936
3937
3938
3939
3940
3941
3942
3946
3948
3949
3950
3951
3952
3955
3956
3965
3968
3971
3972
3973
3974
3975
3976
3977
3978
3979
3980
3981
3988
3990
3992
3993
3994
3996
3998
4001
4002
4003
4006
4007
4017
4018
4019
4022
4024
4025
4026
4036
4037
4038
4039
4040
4041
4042
4045
4046
4047
4048
4049
4050
4051
4052
4053
4054
4057
4058
4059
4060
4068
4069
4070
4071
4074
4076
4078
4079
4080
4082
4083
4084
4086
4089
4095
4096
4097
4100
4101
4103
4106
4109
4110
4111
4117
4118
4124
4125
4127
4134
4135
4136
4160
4176
4178
4185
4190
4206
4211
4226
4229
4230
4245
4253
4260
4261
4265
4267
4268
4269
4270
4271
4272
4276
4277
4278
4279
4280
4281
4282
4288
4289
4290
4291
4292
4296
4297
4298
4299
4300
4301
4305
4306
4307
4308
4311
4312
4313
4314
4316
4317
4318
4319
4321
4322
4323
4324
4325
4326
4327
4330
4331
4333
4336
4337
4338
4339
4340
4341
4342
4343
4344
4346
4347
4348
4349
4350
4351
4352
4353
4354
4355
4356
4357
4358
4359
4373
4378
4379
4387
4391
4393
4398
4407
4414
4426
4433
4465
4474
4478
4485
4498
4499
4503
4504
4555
4576
4585
4590
4594
4602
4618
4627
4650
4699
4700
4702
4710
4729
4740
4742
4780
4781
4806
4810
4811
4816
4817
4843
4846
4864
4870
4872
4875
4878
4941
4942
4945
4947
4963
4980
5014
5022
5028
5033
5041
5046
5048
5051
5052
5059
5065
5080
5153
5172
5174
5180
5182
5230
5233
5251
5276
5292
5317
5334
5336
5340
5346
5350
5351
5388
5394
5449
5460
5483
5517
5558
5561
5577
5594
5596
5598
5601
5607
5608
5623
5624
5666
5700
5701
5704
5705
5743
5776
5786
5794
5795
5812
5824
5867
5871
5886
5916
5924
5944
5958
5961
5993
6022
6023
6045
6048
6051
6056
6065
6068
6077
6080
6083
6085
6087
6088
6089
6091
6092
6096
6098
6102
6103
6104
6107
6108
6109
6111
6119
6123
6134
6135
6137
6138
6139
6142
6143
6146
6166
6172
6173
6176
6179
6183
6184
6186
6187
6188
6190
6192
6193
6194
6199
6200
6201
6202
6203
6205
6206
6210
6212
6213
6214
6217
6219
6220
6221
6230
6235
6238
6242
6245
6248
6249
6250
6253
6261
6263
6264
6265
6266
6270
6272
6273
6274
6275
6276
6278
6279
6280
6281
6287
6288
6289
6290
6291
6292
6294
6296
6297
6299
6300
6303
6305
6313
6314
6317
6320
6321
6325
6326
6327
6329
6330
6332
6334
6337
6338
6339
6340
6341
6342
6345
6346
6347
6348
6349
6351
6352
6354
6355
6358
6359
6361
6362
6364
6369
6370
6371
6372
6373
6376
6377
6379
6380
6381
6382
6383
6384
6385
6386
6387
6389
6392
6393
6394
6395
6396
6397
6399
6400
6401
6402
6403
6405
6406
6408
6409
6410
6413
6415
6416
6418
6419
6420
6421
6422
6423
6424
6426
6427
6429
6430
6432
6434
6435
6437
6438
6439
6440
6442
6443
6445
6447
6448
6449
6450
6451
6452
6455
6456
6457
6458
6459
6461
6462
6464
6466
6467
6468
6469
6470
6472
6473
6474
6475
6476
6477
6478
6479
6480
6481
6482
6483
6484
6485
6486
6487
6488
6489
6490
6491
6492
6493
6494
6495
6496
6497
6498
6499
6500
6501
6502
6503
6504
6505
6506
6507
6508
6509
6510
6511
6512
6513
6514
6515
6516
6517
6518
6519
6520
6521
6522
6523
6524
6525
6526
6527
6528
6529
6530
6531
6532
6533
6534
6535
6536
6537
6538
6539
6540
6541
6542
6543
6544
6545
6546
6547
6548
6549
6550
6551
6552
6560
6564
6576
