2
5
6
7
9
10
11
12
14
18
19
21
22
23
24
25
27
28
29
31
32
33
36
37
38
39
40
41
43
45
47
49
50
51
53
54
55
56
58
59
61
63
64
66
67
69
70
71
73
75
77
78
79
81
82
86
87
88
90
91
93
95
97
100
101
102
103
105
106
107
110
111
112
115
116
118
119
123
125
127
130
131
132
133
134
135
136
138
139
141
142
143
144
145
148
149
150
151
152
153
154
155
156
157
158
159
161
162
163
164
165
166
167
168
169
170
172
173
174
176
177
178
179
181
182
183
185
186
188
189
190
191
192
194
195
197
198
201
203
204
205
207
208
209
211
212
219
220
221
223
224
225
226
227
229
231
233
234
236
237
238
239
241
242
244
246
247
250
251
253
256
260
262
264
266
268
270
271
273
274
276
277
279
281
283
284
289
291
294
302
303
307
308
310
311
313
314
315
317
318
319
321
323
324
330
332
333
335
336
337
339
342
344
347
348
350
352
355
357
359
361
362
363
365
367
369
370
371
373
374
377
379
381
382
383
385
387
388
390
392
394
395
397
400
402
404
406
407
410
411
413
414
416
418
419
420
423
424
427
428
431
432
433
434
436
438
439
440
441
443
445
449
450
451
452
455
457
458
463
466
468
469
471
473
474
476
478
479
480
484
486
487
488
490
492
493
494
495
496
498
499
500
502
505
506
507
510
511
512
515
521
522
524
525
527
528
530
531
534
535
538
539
542
547
548
550
551
552
553
556
557
558
559
560
561
562
563
564
565
566
569
570
571
574
575
576
577
578
581
583
584
585
586
587
590
591
592
593
595
596
597
598
600
603
604
606
607
608
609
610
612
614
615
618
620
621
623
624
625
626
627
628
629
630
631
632
633
634
635
636
637
638
639
640
641
642
643
646
647
648
649
650
651
652
653
657
658
659
660
661
662
669
670
671
672
674
675
676
677
678
679
683
684
685
687
688
689
690
691
692
693
695
696
699
702
703
706
707
708
709
710
713
715
716
719
720
721
722
723
726
727
728
730
735
736
737
739
740
748
749
752
753
754
759
760
762
770
771
774
775
776
777
778
779
780
784
785
786
787
789
790
791
792
793
794
797
800
802
803
805
806
808
809
810
811
812
813
815
816
817
818
819
820
821
822
823
824
825
826
827
828
829
830
831
835
836
837
839
840
841
842
844
846
847
848
849
850
851
852
853
854
855
856
857
858
861
863
866
867
868
869
873
874
880
881
882
883
888
890
891
892
893
894
896
897
898
899
901
907
908
909
910
913
918
921
924
927
928
932
933
935
936
938
939
941
944
945
947
948
949
953
955
957
958
959
960
965
971
973
974
975
980
981
982
983
985
986
987
989
991
992
993
994
995
997
1000
1001
1002
1003
1006
1009
1010
1016
1017
1018
1019
1025
1026
1027
1028
1029
1030
1032
1035
1036
1037
1041
1042
1045
1047
1048
1051
1053
1054
1056
1057
1058
1059
1061
1062
1063
1066
1067
1068
1069
1071
1072
1073
1074
1076
1078
1079
1080
1082
1084
1085
1086
1089
1090
1092
1093
1094
1095
1096
1098
1099
1101
1102
1103
1104
1105
1106
1107
1108
1110
1111
1113
1115
1116
1117
1118
1122
1123
1125
1126
1127
1128
1129
1130
1131
1133
1134
1135
1139
1140
1143
1144
1146
1147
1148
1149
1150
1151
1152
1154
1156
1157
1158
1159
1160
1162
1164
1166
1167
1169
1172
1173
1175
1176
1177
1179
1180
1182
1183
1184
1185
1187
1188
1189
1190
1191
1194
1195
1196
1197
1201
1203
1205
1206
1207
1208
1209
1210
1212
1213
1214
1216
1218
1220
1222
1224
1225
1226
1227
1228
1229
1231
1233
1234
1235
1236
1238
1239
1240
1241
1244
1245
1246
1247
1248
1251
1252
1254
1255
1258
1259
1260
1261
1264
1266
1268
1270
1271
1273
1274
1275
1278
1280
1282
1284
1285
1286
1291
1292
1293
1294
1295
1297
1299
1301
1302
1303
1304
1305
1306
1307
1308
1309
1310
1312
1313
1314
1315
1317
1318
1321
1322
1323
1324
1325
1327
1329
1330
1331
1332
1333
1335
1336
1337
1340
1341
1342
1343
1344
1345
1346
1349
1350
1351
1353
1354
1355
1356
1357
1358
1363
1364
1367
1369
1370
1373
1374
1375
1376
1377
1379
1381
1384
1385
1386
1387
1388
1393
1395
1397
1398
1399
1400
1401
1402
1403
1405
1408
1409
1412
1414
1416
1417
1421
1422
1425
1426
1427
1428
1431
1433
1434
1435
1438
1439
1440
1442
1446
1447
1448
1449
1450
1452
1454
1455
1456
1457
1458
1459
1460
1461
1462
1463
1464
1466
1468
1469
1470
1471
1473
1474
1475
1477
1479
1480
1481
1482
1483
1484
1485
1486
1487
1488
1489
1493
1499
1500
1501
1502
1503
1506
1508
1511
1512
1513
1515
1516
1517
1518
1519
1521
1522
1523
1526
1529
1530
1531
1533
1534
1535
1538
1540
1542
1544
1546
1549
1550
1552
1554
1555
1556
1557
1559
1561
1563
1564
1566
1567
1568
1571
1572
1573
1575
1576
1577
1578
1579
1580
1581
1582
1584
1585
1586
1587
1589
1591
1592
1593
1594
1595
1597
1598
1599
1601
1602
1605
1606
1608
1609
1610
1612
1616
1617
1620
1621
1622
1625
1626
1627
1629
1630
1633
1634
1635
1636
1637
1638
1639
1640
1641
1642
1643
1644
1646
1647
1648
1649
1651
1652
1653
1654
1655
1656
1657
1658
1659
1660
1661
1664
1665
1666
1668
1669
1670
1671
1672
1673
1677
1678
1679
1681
1682
1683
1684
1685
1686
1687
1688
1689
1690
1692
1693
1695
1696
1697
1698
1699
1701
1702
1704
1705
1706
1707
1708
1709
1710
1712
1714
1715
1719
1720
1723
1724
1725
1726
1727
1728
1729
1730
1731
1732
1733
1735
1736
1737
1738
1741
1742
1744
1745
1746
1752
1754
1755
1756
1758
1759
1761
1765
1766
1767
1768
1769
1770
1771
1772
1773
1776
1777
1780
1783
1785
1786
1787
1788
1790
1792
1793
1794
1795
1796
1797
1798
1799
1800
1801
1806
1807
1808
1809
1810
1813
1814
1815
1816
1817
1818
1820
1822
1823
1825
1833
1835
1837
1838
1839
1841
1842
1843
1844
1846
1847
1848
1849
1851
1852
1853
1854
1855
1856
1857
1858
1859
1860
1861
1862
1870
1871
1879
1880
1883
1887
1888
1889
1890
1891
1893
1894
1897
1898
1900
1901
1903
1904
1907
1908
1912
1914
1915
1916
1919
1923
1924
1926
1927
1929
1931
1932
1935
1937
1938
1939
1942
1943
1945
1946
1947
1948
1951
1952
1954
1955
1957
1958
1959
1960
1961
1963
1964
1967
1969
1971
1972
1975
1976
1977
1978
1981
1982
1984
1985
1986
1987
1988
1990
1991
1992
1997
1998
1999
2001
2002
2004
2005
2006
2008
2010
2012
2013
2014
2016
2018
2019
2020
2021
2022
2024
2025
2027
2031
2033
2034
2037
2038
2039
2041
2042
2043
2044
2045
2046
2047
2048
2050
2051
2052
2054
2056
2057
2058
2059
2060
2061
2062
2063
2065
2066
2069
2070
2073
2075
2077
2078
2079
2080
2081
2082
2084
2085
2086
2087
2088
2089
2090
2091
2092
2093
2094
2096
2097
2098
2099
2100
2101
2102
2103
2104
2105
2106
2107
2108
2109
2111
2112
2113
2114
2115
2116
2117
2118
2119
2120
2121
2123
2124
2125
2126
2127
2131
2132
2133
2134
2135
2136
2137
2138
2140
2141
2142
2143
2144
2145
2146
2148
2149
2150
2153
2155
2157
2158
2159
2160
2161
2162
2164
2165
2169
2170
2171
2172
2174
2177
2179
2181
2184
2185
2186
2187
2189
2190
2192
2203
2208
2209
2210
2211
2212
2213
2214
2216
2217
2218
2222
2224
2225
2226
2227
2230
2236
2237
2238
2240
2241
2242
2245
2246
2247
2256
2260
2261
2264
2265
2266
2267
2268
2269
2273
2274
2275
2276
2278
2281
2282
2285
2287
2288
2290
2295
2298
2299
2300
2301
2305
2306
2307
2308
2309
2310
2311
2312
2314
2317
2319
2322
2323
2324
2325
2328
2329
2333
2336
2338
2339
2341
2343
2345
2346
2347
2348
2350
2354
2355
2357
2360
2362
2363
2364
2365
2367
2373
2374
2376
2377
2378
2379
2380
2381
2385
2398
2405
2406
2407
2411
2413
2415
2416
2419
2422
2423
2426
2427
2430
2431
2432
2433
2435
2438
2439
2440
2441
2442
2443
2450
2452
2453
2454
2455
2456
2457
2458
2459
2460
2461
2462
2463
2464
2465
2467
2468
2469
2470
2471
2472
2473
2474
2475
2476
2477
2478
2479
2480
2481
2482
2483
2484
2485
2492
2496
2497
2502
2503
2504
2505
2506
2507
2508
2509
2510
2511
2512
2514
2515
2516
2517
2518
2520
2521
2522
2523
2524
2525
2526
2527
2528
2529
2530
2531
2532
2533
2534
2535
2536
2538
2539
2540
2541
2542
2543
2545
2546
2548
2549
2550
2552
2553
2554
2555
2556
2557
2559
2561
2562
2564
2565
2566
2567
2568
2569
2570
2571
2572
2573
2574
2575
2576
2577
2579
2580
2582
2583
2584
2586
2587
2588
2589
2590
2592
2593
2595
2597
2598
2600
2601
2602
2603
2605
2606
2608
2609
2610
2611
2612
2613
2618
2619
2620
2621
2622
2623
2624
2625
2626
2627
2628
2630
2631
2632
2633
2634
2637
2638
2641
2642
2643
2644
2645
2646
2647
2649
2650
2651
2653
2654
2657
2659
2660
2664
2670
2671
2673
2674
2675
2676
2677
2679
2680
2683
2684
2685
2686
2688
2689
2690
2691
2693
2695
2696
2698
2702
2703
2704
2705
2707
2708
2710
2711
2712
2715
2716
2717
2718
2719
2721
2722
2723
2724
2725
2726
2727
2730
2731
2734
2735
2738
2739
2740
2742
2743
2745
2746
2748
2749
2750
2752
2754
2755
2756
2757
2758
2759
2762
2763
2764
2766
2767
2768
2769
2770
2771
2772
2773
2776
2782
2783
2784
2786
2787
2790
2791
2794
2800
2801
2803
2806
2807
2809
2810
2813
2817
2820
2821
2824
2826
2827
2829
2830
2831
2834
2836
2837
2838
2845
2850
2851
2852
2853
2855
2856
2857
2858
2859
2860
2862
2863
2864
2865
2866
2867
2868
2871
2872
2873
2876
2877
2879
2880
2881
2882
2883
2884
2886
2887
2888
2889
2892
2894
2895
2896
2897
2898
2899
2900
2902
2903
2904
2905
2906
2907
2908
2911
2912
2917
2918
2919
2922
2923
2925
2926
2931
2932
2933
2935
2939
2940
2944
2945
2946
2949
2952
2953
2955
2956
2957
2958
2959
2960
2961
2962
2963
2964
2965
2966
2967
2968
2969
2970
2971
2972
2973
2974
2975
2976
2977
2978
2980
2982
2985
2986
2987
2988
2991
2992
2993
2997
2998
3000
3001
3002
3003
3004
3005
3006
3008
3012
3013
3014
3015
3020
3021
3023
3026
3027
3028
3029
3030
3031
3032
3033
3034
3036
3039
3040
3041
3042
3043
3044
3046
3047
3054
3055
3056
3058
3059
3061
3063
3064
3066
3067
3068
3071
3072
3074
3075
3076
3077
3079
3082
3083
3085
3087
3089
3090
3091
3092
3093
3095
3098
3099
3101
3102
3103
3104
3105
3107
3108
3109
3112
3113
3114
3115
3116
3117
3118
3119
3121
3122
3123
3124
3125
3126
3129
3130
3131
3132
3133
3134
3135
3136
3137
3140
3141
3142
3143
3144
3145
3146
3147
3148
3149
3150
3153
3154
3159
3160
3161
3162
3167
3169
3170
3171
3174
3175
3178
3180
3183
3184
3185
3186
3187
3188
3189
3191
3197
3199
3200
3203
3204
3205
3206
3207
3208
3212
3215
3216
3217
3218
3219
3220
3221
3224
3225
3226
3227
3228
3229
3230
3231
3232
3233
3234
3240
3241
3242
3247
3248
3249
3250
3253
3256
3258
3259
3260
3262
3265
3268
3271
3272
3273
3274
3275
3276
3277
3278
3279
3280
3281
3282
3285
3286
3287
3292
3296
3297
3299
3302
3303
3304
3305
3306
3307
3308
3309
3310
3311
3314
3315
3316
3317
3318
3319
3320
3321
3325
3327
3328
3330
3333
3334
3336
3337
3341
3346
3347
3350
3351
3352
3353
3356
3357
3360
3364
3365
3366
3367
3369
3370
3372
3374
3376
3377
3378
3379
3383
3386
3387
3388
3390
3391
3395
3397
3399
3401
3402
3405
3406
3407
3408
3412
3413
3415
3418
3419
3420
3421
3422
3423
3427
3428
3429
3430
3431
3432
3433
3434
3438
3439
3441
3444
3446
3450
3451
3453
3456
3460
3463
3466
3467
3471
3472
3473
3475
3476
3477
3483
3487
3488
3492
3493
3498
3504
3505
3506
3507
3509
3511
3515
3516
3517
3518
3521
3522
3524
3527
3528
3529
3530
3532
3536
3537
3542
3543
3544
3545
3546
3547
3549
3550
3551
3552
3553
3554
3557
3558
3559
3560
3561
3565
3567
3572
3575
3577
3583
3586
3587
3589
3590
3591
3592
3594
3595
3602
3603
3604
3605
3606
3607
3608
3613
3614
3617
3618
3620
3623
3624
3627
3628
3631
3635
3637
3638
3639
3640
3641
3642
3643
3644
3645
3646
3650
3651
3656
3657
3659
3661
3663
3664
3667
3668
3669
3673
3674
3676
3677
3679
3682
3685
3686
3688
3691
3692
3693
3694
3695
3696
3699
3700
3701
3702
3703
3704
3705
3706
3707
3708
3709
3710
3711
3713
3714
3716
3718
3719
3720
3722
3723
3727
3728
3729
3731
3733
3734
3735
3737
3740
3744
3747
3748
3749
3750
3751
3752
3753
3754
3755
3756
3757
3758
3759
3760
3762
3763
3764
3765
3767
3769
3770
3773
3774
3780
3781
3782
3785
3786
3788
3789
3790
3791
3792
3793
3794
3798
3800
3801
3802
3803
3804
3805
3806
3807
3808
3811
3812
3814
3815
3816
3817
3818
3819
3825
3827
3828
3829
3830
3831
3836
3839
3843
3844
3845
3846
3847
3848
3849
3850
3851
3853
3855
3858
3859
3860
3861
3862
3863
3864
3868
3869
3870
3871
3872
3875
3876
3877
3878
3882
3883
3884
3885
3886
3887
3889
3890
3893
3894
3895
3896
3897
3898
3899
3900
3901
3904
3905
3906
3907
3908
3909
3910
3911
3912
3915
3916
3917
3918
3919
3920
3921
3922
3925
3926
3927
3930
3931
3932
3933
3934
3935
3936
3937
3938
3939
3941
3942
3945
3948
3951
3953
3954
3955
3957
3960
3961
3966
3968
3969
3970
3971
3976
3978
3981
3982
3984
3985
3986
3988
3989
3990
3991
3992
3993
3998
3999
4000
4001
4002
4003
4005
4007
4008
4011
4014
4015
4016
4017
4018
4019
4023
4024
4025
4026
4027
4028
4029
4031
4032
4033
4038
4039
4040
4041
4042
4043
4044
4046
4049
4051
4054
4056
4060
4063
4065
4072
4074
4077
4080
4083
4084
4088
4089
4090
4092
4096
4100
4103
4104
4105
4109
4113
4114
4115
4117
4118
4119
4120
4121
4125
4128
4129
4130
4137
4141
4143
4144
4145
4146
4147
4148
4149
4150
4155
4158
4160
4161
4164
4165
4166
4174
4175
4176
4178
4179
4183
4184
4185
4186
4187
4189
4191
4192
4195
4196
4202
4204
4207
4222
4223
4224
4228
4231
4235
4247
4249
4253
4256
4258
4259
4260
4261
4262
4263
4267
4270
4271
4272
4273
4274
4278
4279
4281
4282
4283
4286
4287
4288
4289
4290
4291
4292
4293
4294
4295
4297
4300
4304
4305
4306
4307
4308
4312
4313
4314
4316
4317
4318
4319
4320
4323
4324
4325
4331
4332
4333
4334
4337
4339
4340
4345
4346
4347
4349
4350
4352
4356
4357
4358
4359
4360
4362
4363
4365
4366
4367
4368
4369
4375
4377
4381
4382
4383
4384
4385
4387
4390
4391
4392
4393
4396
4398
4401
4402
4403
4404
4405
4406
4408
4412
4415
4416
4419
4420
4421
4422
4424
4426
4428
4431
4435
4436
4437
4438
4439
4440
4441
4442
4443
4444
4445
4447
4448
4449
4450
4451
4456
4461
4462
4465
4466
4471
4472
4473
4476
4477
4478
4479
4480
4485
4486
4487
4488
4489
4490
4491
4493
4497
4499
4504
4508
4510
4511
4512
4513
4514
4515
4516
4517
4520
4521
4524
4525
4530
4531
4532
4533
4534
4535
4536
4537
4540
4543
4544
4548
4549
4551
4552
4555
4556
4558
4559
4562
4563
4564
4565
4566
4567
4568
4569
4570
4573
4574
4575
4582
4583
4584
4585
4586
4587
4593
4594
4596
4602
4603
4604
4610
4611
4612
4613
4619
4620
4621
4622
4624
4625
4633
4640
4641
4642
4643
4644
4647
4648
4649
4650
4651
4656
4657
4660
4661
4662
4663
4664
4665
4666
4667
4669
4671
4672
4674
4675
4676
4677
4678
4686
4687
4688
4690
4695
4696
4697
4698
4699
4702
4705
4708
4709
4710
4711
4712
4713
4717
4723
4724
4725
4726
4727
4728
4729
4730
4732
4734
4735
4736
4743
4749
4753
4754
4755
4759
4760
4761
4762
4763
4764
4765
4766
4770
4771
4772
4773
4774
4775
4777
4778
4779
4780
4781
4786
4787
4788
4793
4794
4795
4796
4797
4798
4804
4805
4806
4807
4808
4810
4811
4812
4813
4814
4815
4816
4817
4822
4823
4827
4828
4829
4830
4831
4832
4833
4835
4836
4837
4838
4841
4842
4843
4847
4850
4851
4854
4860
4861
4868
4871
4872
4874
4883
4884
4890
4891
4892
4893
4896
4897
4898
4899
4900
4904
4906
4907
4908
4911
4912
4913
4914
4915
4916
4917
4918
4919
4920
4921
4927
4929
4931
4932
4938
4941
4942
4943
4944
4945
4946
4947
4948
4949
4950
4951
4952
4954
4955
4956
4957
4958
4962
4963
4964
4965
4966
4967
4968
4969
4970
4973
4975
4976
4982
4985
4987
4990
4994
4995
4996
4998
4999
5002
5003
5006
5007
5010
5011
5012
5013
5014
5016
5018
5019
5021
5022
5023
5029
5031
5035
5036
5037
5038
5039
5040
5041
5048
5050
5052
5053
5054
5055
5056
5057
5058
5066
5069
5070
5079
5080
5081
5083
5084
5085
5087
5088
5089
5096
5098
5104
5106
5107
5111
5114
5115
5116
5121
5123
5124
5125
5128
5129
5130
5131
5132
5133
5134
5135
5139
5140
5149
5150
5158
5161
5162
5163
5166
5167
5170
5177
5178
5179
5183
5194
5195
5223
5224
5233
5235
5239
5242
5243
5244
5252
5253
5254
5256
5259
5260
5261
5262
5263
5266
5267
5271
5272
5273
5274
5275
5280
5285
5289
5290
5291
5292
5293
5294
5295
5296
5300
5305
5306
5307
5312
5313
5314
5315
5316
5326
5327
5328
5331
5332
5333
5335
5339
5340
5341
5344
5345
5346
5347
5348
5349
5352
5361
5362
5364
5370
5376
5379
5380
5381
5385
5386
5387
5390
5391
5392
5393
5394
5395
5397
5398
5401
5402
5403
5404
5407
5408
5409
5410
5411
5412
5413
5414
5415
5416
5418
5419
5424
5425
5426
5428
5429
5430
5431
5440
5445
5446
5447
5454
5457
5458
5459
5460
5461
5462
5465
5466
5467
5468
5475
5482
5496
5506
5507
5508
5510
5512
5513
5514
5515
5516
5534
5535
5539
5540
5541
5543
5544
5545
5546
5547
5548
5549
5550
5551
5552
5553
5555
5556
5562
5579
5581
5582
5588
5589
5592
5594
5595
5598
5607
5608
5609
5610
5613
5614
5615
5616
5617
5618
5619
5622
5623
5635
5636
5637
5638
5639
5640
5641
5642
5643
5644
5645
5646
5647
5648
5649
5650
5651
5654
5655
5660
5662
5668
5669
5670
5671
5672
5673
5674
5675
5676
5677
5678
5679
5680
5681
5682
5683
5684
5685
5686
5687
5688
5689
5690
5691
5692
5693
5694
5695
5696
5697
5698
5699
5700
5701
5702
5703
5704
5705
5706
5707
5708
5709
5710
5711
5712
5713
5714
5715
5716
5717
5718
5719
5720
5721
5722
5723
5724
5725
5726
5727
5728
5729
5730
5731
5732
5733
5734
5735
5736
5737
5738
5739
5740
5741
5742
5743
5744
5745
5746
5747
5748
5749
5750
5751
5752
5753
5754
5755
5756
5757
5758
5759
5760
5761
5762
5763
5764
5765
5766
5767
5768
5769
5770
5771
5772
5773
5774
5775
5776
5777
5778
5779
5780
5781
5782
5783
5784
5785
5786
5787
5788
5789
5790
5791
5792
5793
5794
5795
5796
5797
5798
5799
5800
5801
5802
5803
5804
5805
5806
5807
5808
5809
5810
5811
5812
5813
5814
5815
5816
5817
5818
5819
5820
5821
5822
5823
5824
5825
5826
5827
5828
5829
5830
5831
5832
5833
5834
5835
5836
5837
5838
5839
5840
5841
5842
5843
5844
5845
5846
5847
5848
5849
5850
5851
5852
5853
5854
5855
5856
5857
5858
5859
5860
5861
5862
5863
5864
5865
5866
5867
5868
5869
5870
5871
5872
5873
5874
5875
5876
5877
5878
5879
5880
5881
5882
5883
5884
5885
5886
5887
5888
5889
5890
5891
5892
5893
5894
5895
5896
5897
5898
5899
5900
5901
5902
5903
5904
5905
5906
5907
5908
5909
5910
5911
5912
5913
5914
5915
5916
5917
5918
5919
5920
5921
5922
5923
5924
5925
5926
5927
5928
5929
5930
5931
5932
5933
5934
5935
5936
5937
5938
5939
5940
5941
5942
5943
5944
5945
5946
5947
5948
5949
5950
5951
5952
5953
5954
5955
5956
5957
5958
5959
5960
5961
5962
5963
5965
5966
5967
5969
5970
5973
5974
5976
5977
5978
5979
5982
5984
5986
5987
5988
5989
5991
5992
5993
5994
5995
5997
5999
6000
6001
6002
6004
6006
6007
6009
6011
6012
6014
6015
6016
6018
6021
6023
6024
6025
6027
6028
6029
6030
6032
6034
6036
6037
6038
6039
6041
6044
6045
6046
6047
6048
6051
6052
6054
6055
6056
6057
6059
6061
6063
6066
6067
6068
6070
6071
6073
6075
6077
6078
6079
6081
6083
6086
6087
6089
6092
6093
6095
6096
6098
6100
6102
6104
6105
6107
6109
6111
6113
6117
6120
6121
6124
6127
6131
6134
6135
6138
6144
6146
6147
6149
6150
6152
6153
6155
6160
6161
6163
6164
6166
6168
6169
6173
6174
6176
6179
6182
6183
6184
6185
6188
6189
6192
6195
6196
6197
6199
6201
6207
6212
6213
6215
6217
6225
6231
6237
6238
6239
6241
6244
6246
6247
6258
6260
6262
6265
6267
6270
6272
6273
6276
6279
6281
6282
6283
6285
6287
6288
6291
6294
6297
6300
6302
6303
6304
6305
6308
6312
6317
6323
6324
6326
6330
6332
6334
6338
6343
6345
6346
6349
6354
6360
6363
6367
6369
6374
6375
6377
6400
6404
6408
6409
6411
6412
6414
6422
6424
6425
6431
6432
6433
6437
6458
6499
6501
6520
6532
6534
6543
6544
6545
6546
6557
6559
6574
6578
6579
6581
6583
6584
6587
6592
6594
6601
6606
6607
6617
6624
6648
6663
6665
6667
6669
6671
6674
6698
6699
6703
6709
6710
6712
6720
6721
6723
6734
6737
6745
6762
6900
6901
7048
7073
7079
7081
7082
7083
7089
7093
