8
9
20
22
23
24
27
28
34
35
36
47
49
52
57
62
63
65
67
68
69
74
79
80
81
85
89
90
91
92
93
97
106
108
110
111
113
114
116
118
119
120
122
123
126
128
129
130
131
132
133
134
135
136
137
139
141
142
143
147
148
149
150
151
152
154
156
157
158
159
161
162
163
165
166
167
168
169
170
175
176
177
178
179
180
182
183
185
186
187
188
189
190
191
192
193
194
195
196
197
198
199
200
201
202
203
204
205
206
207
208
209
210
211
212
213
214
215
217
218
219
220
221
222
223
224
225
226
227
228
229
230
231
232
233
234
235
236
237
238
239
240
241
242
243
245
248
249
250
252
255
256
257
260
262
263
264
265
266
267
268
270
271
272
273
274
275
276
277
278
279
280
281
282
283
284
286
287
292
293
294
295
296
297
298
299
300
301
302
303
304
305
306
307
308
309
310
311
312
313
314
317
318
319
320
321
322
323
324
325
327
328
329
330
331
332
334
337
338
339
341
346
347
348
349
350
351
352
353
354
355
356
357
358
359
360
361
362
363
365
366
367
368
369
370
371
372
373
374
375
376
377
379
380
381
382
383
384
385
386
387
388
389
390
391
392
393
395
396
397
398
399
401
402
404
405
406
409
410
411
412
414
415
416
417
418
419
423
424
425
426
427
428
429
430
431
432
433
434
435
436
437
438
439
440
442
445
447
448
449
450
451
452
453
454
455
456
457
458
459
460
461
462
463
464
465
467
468
469
470
471
472
473
474
476
478
479
481
482
483
484
487
488
489
491
493
494
495
496
497
499
500
501
502
503
504
505
506
507
508
509
511
512
513
514
516
517
518
519
520
521
522
523
524
525
526
527
528
529
530
533
534
535
536
537
538
539
540
541
542
543
545
548
549
554
555
556
557
558
559
560
562
563
564
565
566
567
568
570
571
572
575
576
577
578
579
580
581
582
583
584
585
586
587
588
589
590
591
592
593
594
595
596
597
598
599
600
601
602
606
607
608
609
610
611
612
613
614
615
616
621
622
623
624
625
626
627
628
629
630
631
632
633
636
637
638
639
640
641
642
643
644
645
646
647
648
649
650
651
652
653
655
656
657
658
659
660
661
662
663
664
665
667
669
670
671
674
675
678
679
680
681
682
684
685
686
687
688
689
692
693
694
695
696
697
698
699
700
701
702
703
704
705
706
707
708
709
710
711
712
713
714
715
718
719
721
722
723
725
727
728
729
730
731
732
733
734
735
736
737
739
740
741
742
743
744
745
746
747
748
749
750
751
752
753
754
755
756
757
758
759
760
761
762
763
764
765
766
767
768
769
770
771
772
773
774
776
777
779
780
781
782
784
785
786
787
788
791
795
796
800
801
802
803
804
805
806
807
808
809
811
812
813
814
815
816
817
818
819
820
821
823
825
826
827
828
829
830
831
832
833
834
835
836
838
839
840
841
843
844
848
849
851
852
853
854
855
856
857
858
859
860
861
862
863
864
865
866
867
868
869
870
871
872
874
876
877
879
880
881
882
884
885
886
887
888
889
890
891
892
893
894
896
897
898
899
901
902
903
904
905
906
909
910
912
913
914
915
916
917
918
919
920
921
922
923
924
925
926
928
932
933
935
940
942
943
944
945
947
948
949
950
951
952
953
954
955
956
957
960
961
962
963
964
965
966
967
968
971
972
973
974
975
976
978
979
980
981
986
987
990
991
992
994
995
996
997
998
999
1000
1001
1002
1003
1004
1005
1006
1009
1010
1011
1012
1013
1014
1015
1016
1017
1018
1019
1022
1023
1024
1026
1027
1028
1029
1030
1031
1032
1035
1036
1037
1038
1039
1040
1041
1042
1043
1044
1045
1047
1048
1049
1050
1052
1053
1054
1055
1056
1058
1059
1060
1061
1062
1063
1064
1065
1066
1067
1068
1069
1070
1071
1072
1073
1074
1075
1076
1079
1080
1081
1082
1084
1085
1086
1087
1088
1089
1090
1091
1092
1093
1094
1095
1096
1097
1098
1099
1100
1101
1102
1103
1105
1106
1107
1108
1109
1111
1115
1116
1117
1118
1119
1120
1121
1122
1123
1124
1125
1126
1127
1128
1129
1130
1131
1132
1133
1134
1135
1136
1143
1146
1147
1148
1149
1150
1151
1152
1153
1154
1155
1156
1157
1158
1159
1160
1161
1162
1163
1164
1165
1166
1167
1168
1170
1171
1172
1173
1174
1175
1176
1177
1178
1179
1180
1181
1182
1183
1184
1185
1186
1187
1188
1191
1193
1194
1195
1196
1197
1198
1199
1200
1201
1202
1206
1207
1210
1212
1213
1216
1219
1220
1221
1222
1223
1224
1225
1226
1227
1228
1229
1230
1232
1235
1236
1237
1238
1239
1241
1242
1243
1244
1245
1248
1252
1256
1259
1260
1263
1264
1265
1266
1272
1275
1276
1277
1278
1279
1280
1281
1282
1283
1286
1287
1290
1291
1294
1296
1297
1299
1301
1303
1308
1309
1313
1314
1315
1316
1317
1318
1324
1325
1326
1327
1328
1329
1330
1333
1335
1336
1339
1340
1341
1347
1348
1349
1350
1351
1352
1353
1354
1355
1363
1364
1365
1369
1381
1387
1393
1394
1395
1396
1400
1401
1402
1403
1404
1405
1406
1407
1408
1409
1410
1411
1412
1415
1416
1417
1418
1419
1420
1427
1428
1429
1430
1431
1432
1434
1436
1444
1445
1446
1447
1448
1450
1455
1456
1457
1458
1460
1461
1462
1463
1464
1468
1476
1477
1478
1479
1482
1483
1484
1491
1496
1497
1498
1499
1500
1501
1502
1503
1504
1505
1506
1507
1508
1510
1512
1513
1514
1515
1516
1517
1518
1519
1520
1521
1522
1523
1532
1533
1534
1535
1537
1550
1551
1552
1559
1560
1561
1565
1566
1567
1568
1569
1570
1571
1572
1573
1574
1577
1580
1581
1582
1584
1586
1588
1589
1590
1591
1592
1593
1594
1595
1596
1597
1598
1599
1600
1601
1604
1605
1606
1608
1610
1611
1612
1615
1616
1617
1618
1619
1620
1621
1622
1623
1627
1628
1629
1630
1631
1632
1633
1634
1635
1636
1637
1638
1639
1640
1641
1642
1643
1644
1645
1646
1653
1656
1657
1658
1659
1660
1661
1662
1663
1664
1665
1670
1672
1673
1675
1677
1678
1679
1680
1681
1682
1683
1684
1685
1686
1687
1688
1689
1690
1691
1692
1693
1694
1695
1696
1697
1698
1699
1700
1701
1702
1703
1704
1705
1706
1707
1708
1709
1710
1711
1712
1713
1714
1715
1716
1717
1718
1719
1720
1721
1722
1723
1724
1725
1726
1727
1728
1729
1730
1731
1732
1733
1734
1735
1736
1737
1738
1739
1740
1741
1742
1743
1744
1745
1746
1747
1748
1749
1750
1751
1752
1753
1754
1755
1756
1757
1758
1759
1760
1761
1762
1763
1764
1765
1766
1767
1768
1769
1770
1771
1772
1773
1774
1775
1776
1777
1778
1781
1785
1792
1794
1798
1800
1811
1813
1818
1822
