22
38
39
40
43
45
46
49
55
57
80
81
83
92
94
95
111
112
113
114
131
163
179
182
184
195
196
198
200
201
220
221
223
224
241
242
244
248
253
254
257
259
260
276
281
282
283
285
286
287
311
321
322
323
324
327
332
333
335
341
343
344
345
346
349
350
351
365
382
394
397
398
399
403
405
406
413
414
422
425
426
428
439
440
441
451
452
454
462
464
475
476
480
482
490
491
493
494
496
497
498
499
511
512
513
518
520
531
532
534
536
538
541
542
543
544
545
547
548
549
551
552
558
562
564
565
567
574
575
580
581
587
589
591
594
600
602
607
609
611
612
613
615
624
626
634
640
643
644
645
648
651
654
655
656
660
671
676
677
678
679
680
686
688
689
693
694
699
702
705
707
708
709
713
715
721
722
728
729
730
732
734
735
739
740
743
747
748
754
755
757
758
763
766
767
770
775
794
795
803
804
805
807
808
812
813
815
817
822
823
830
831
838
849
850
851
852
854
857
862
863
870
873
877
878
879
880
882
883
888
890
895
896
897
898
900
906
907
908
912
913
923
925
927
928
929
930
940
947
948
949
951
953
955
956
960
963
971
972
973
978
996
997
1002
1004
1009
1021
1024
1027
1029
1030
1031
1035
1050
1056
1073
1076
1077
1078
1090
1091
1095
1096
1099
1102
1104
1105
1107
1108
1110
1111
1113
1126
1128
1132
1134
1136
1137
1147
1154
1169
1173
1175
1177
1183
1184
1185
1188
1195
1197
1200
1201
1204
1205
1206
1208
1209
1210
1214
1215
1216
1220
1221
1235
1236
1240
1244
1245
1246
1248
1249
1252
1254
1256
1257
1258
1260
1262
1264
1266
1268
1269
1270
1272
1274
1275
1277
1279
1280
1281
1283
1284
1286
1287
1289
1291
1293
1294
1295
1296
1299
1301
1303
1304
1305
1306
1308
1310
1311
1313
1314
1316
1317
1319
1322
1323
1324
1325
1326
1328
1330
1332
1333
1334
1336
1338
1339
1340
1341
1343
1345
1346
1348
1349
1351
1353
1354
1355
1356
1358
1359
1363
1364
1366
1367
1369
1371
1372
1374
1375
1376
1377
1378
1379
1380
1381
1382
1383
1384
1385
1386
1387
1388
1389
1390
1391
1392
1393
1394
1395
1396
1397
1398
1399
1400
1401
1402
1403
1404
1405
1406
1410
1411
1412
1413
1416
1417
1418
1419
1420
1421
1422
1423
1424
1425
1426
1427
1428
1429
1430
1431
1432
1435
1436
1437
1439
1442
1447
1448
1449
1450
1451
1452
1453
1454
1456
1457
1458
1459
1460
1461
1462
1463
1464
1469
1472
1473
1474
1475
1476
1477
1480
1481
1482
1483
1484
1485
1487
1491
1492
1493
1495
1498
1501
1502
1505
1510
1513
1515
1516
1517
1518
1519
1521
1523
1524
1525
1526
1527
1528
1529
1530
1531
1535
1540
1541
1543
1544
1545
1546
1547
1548
1549
1550
1552
1554
1555
1556
1557
1558
1559
1560
1562
1563
1564
1565
1568
1569
1570
1571
1572
1573
1574
1575
1576
1577
1578
1579
1580
1581
1582
1583
1584
1585
1586
1587
1588
1589
1590
1591
1592
1593
1595
1596
1597
1598
1599
1600
1601
1602
1603
1604
1605
1606
1607
1608
1609
1610
1611
1612
1614
1615
1616
1617
1618
1620
1623
1624
1625
1626
1627
1631
1632
1633
1634
1636
1637
1638
1639
1640
1641
1642
1643
1644
1645
1646
1649
1650
1651
1652
1653
1654
1657
1658
1659
1661
1662
1663
1664
1665
1667
1668
1671
1672
1673
1675
1677
1679
1682
1683
1684
1685
1687
1688
1690
1691
1692
1693
1695
1696
1697
1699
1701
1704
1706
1707
1710
1711
1714
1716
1717
1719
1720
1721
1722
1723
1724
1725
1726
1728
1730
1733
1734
1737
1738
1739
1741
1742
1743
1746
1747
1749
1750
1751
1752
1754
1756
1757
1758
1759
1760
1761
1762
1763
1764
1765
1766
1768
1769
1770
1771
1772
1773
1775
1776
1777
1778
1780
1782
1783
1784
1786
1788
1789
1791
1792
1793
1794
1796
1797
1798
1800
1801
1804
1805
1807
1810
1813
1818
1819
1822
1824
1827
1829
1831
1833
1834
1839
1842
1843
1845
1846
1847
1848
1849
1853
1855
1856
1857
1858
1859
1860
1861
1862
1863
1864
1865
1867
1869
1870
1873
1874
1877
1878
1881
1884
1885
1889
1890
1891
1894
1896
1897
1898
1903
1904
1908
1909
1910
1915
1916
1917
1918
1919
1920
1921
1922
1923
1924
1926
1927
1928
1929
1930
1932
1935
1936
1937
1938
1940
1941
1943
1946
1947
1952
1953
1954
1956
1957
1958
1960
1961
1962
1966
1968
1970
1971
1974
1975
1977
1979
1981
1982
1985
1987
1989
1990
1991
1992
1994
1996
1997
2001
2004
2006
2007
2008
2011
2012
2013
2018
2020
2021
2024
2026
2027
2028
2029
2030
2031
2032
2036
2037
2038
2039
2040
2041
2042
2044
2046
2047
2049
2052
2053
2055
2057
2059
2060
2061
2063
2064
2065
2066
2069
2070
2074
2078
2079
2080
2081
2082
2083
2085
2086
2088
2089
2090
2092
2099
2100
2102
2103
2104
2110
2113
2114
2115
2116
2117
2118
2119
2120
2121
2122
2123
2124
2125
2126
2128
2129
2130
2131
2134
2136
2138
2139
2140
2145
2146
2148
2154
2155
2157
2158
2159
2166
2167
2169
2171
2172
2173
2174
2178
2179
2181
2182
2183
2184
2185
2186
2187
2188
2189
2190
2191
2192
2193
2194
2195
2196
2197
2198
2199
2200
2201
2202
2203
2204
2206
2207
2208
2209
2210
2211
2212
2214
2215
2216
2217
2218
2219
2220
2221
2222
2224
2225
2226
2227
2228
2229
2230
2231
2232
2233
2234
2235
2236
2237
2239
2242
2243
2244
2246
2247
2248
2249
2250
2251
2252
2253
2255
2257
2258
2259
2260
2261
2262
2264
2265
2266
2267
2269
2270
2271
2274
2275
2278
2280
2281
2282
2287
2289
2291
2293
2295
2296
2297
2298
2299
2300
2301
2302
2303
2304
2305
2306
2307
2308
2309
2310
2312
2313
2317
2318
2319
2321
2323
2324
2325
2326
2329
2332
2333
2336
2339
2340
2341
2342
2343
2344
2345
2346
2349
2350
2352
2360
2361
2362
2363
2368
2369
2370
2375
2376
2382
2383
2388
2393
2394
2395
2396
2397
2400
2402
2404
2405
2406
2407
2408
2409
2410
2411
2412
2413
2414
2418
2420
2421
2425
2426
2427
2428
2429
2431
2432
2433
2434
2436
2437
2441
2442
2443
2444
2445
2446
2447
2448
2449
2450
2451
2452
2453
2454
2455
2456
2457
2458
2459
2460
2461
2462
2464
2465
2467
2468
2470
2471
2473
2475
2476
2477
2478
2480
2481
2484
2487
2488
2490
2491
2492
2493
2494
2495
2496
2497
2498
2500
2501
2502
2505
2506
2508
2510
2513
2515
2517
2518
2519
2521
2522
2523
2524
2525
2526
2527
2529
2530
2532
2534
2536
2538
2540
2542
2543
2544
2545
2547
2550
2553
2554
2555
2557
2559
2561
2563
2566
2567
2568
2569
2570
2571
2572
2573
2574
2576
2577
2579
2580
2581
2584
2585
2586
2587
2588
2589
2590
2591
2594
2595
2596
2597
2599
2600
2601
2603
2604
2605
2606
2608
2611
2613
2616
2617
2618
2623
2624
2626
2627
2628
2629
2631
2633
2635
2637
2638
2639
2640
2642
2643
2644
2645
2646
2647
2648
2649
2650
2652
2654
2655
2659
2660
2661
2662
2663
2664
2665
2666
2667
2668
2669
2670
2671
2672
2673
2674
2675
2676
2677
2680
2681
2683
2684
2685
2689
2690
2691
2692
2693
2694
2695
2696
2697
2698
2699
2700
2701
2703
2704
2705
2707
2709
2710
2711
2713
2717
2718
2719
2720
2721
2722
2723
2724
2725
2727
2728
2730
2733
2734
2735
2736
2737
2739
2740
2741
2742
2744
2745
2746
2747
2749
2751
2752
2754
2755
2759
2760
2761
2763
2765
2766
2767
2768
2771
2773
2775
2777
2778
2780
2781
2783
2784
2785
2786
2787
2789
2790
2791
2792
2793
2795
2796
2797
2798
2799
2801
2802
2805
2806
2809
2810
2811
2813
2814
2815
2817
2818
2819
2820
2821
2822
2823
2824
2825
2826
2827
2829
2830
2832
2833
2834
2835
2836
2837
2838
2839
2840
2841
2842
2843
2844
2845
2848
2849
2850
2852
2853
2854
2855
2856
2858
2861
2862
2865
2867
2870
2871
2872
2873
2874
2875
2876
2877
2878
2879
2880
2881
2882
2883
2884
2885
2886
2887
2888
2889
2892
2893
2896
2900
2901
2905
2906
2907
2908
2909
2910
2913
2914
2915
2916
2917
2918
2920
2921
2922
2923
2924
2925
2926
2927
2928
2929
2930
2932
2933
2934
2935
2936
2937
2938
2939
2940
2941
2942
2945
2946
2948
2950
2951
2953
2954
2956
2957
2958
2959
2960
2961
2963
2964
2965
2969
2971
2972
2973
2974
2975
2976
2977
2978
2980
2982
2984
2987
2988
2989
2990
2992
2996
2997
2998
2999
3000
3001
3003
3005
3006
3008
3010
3011
3015
3016
3017
3019
3020
3021
3022
3023
3024
3026
3028
3029
3031
3033
3034
3036
3037
3038
3040
3041
3045
3047
3053
3054
3055
3056
3057
3059
3061
3068
3070
3072
3075
3076
3078
3089
3091
3092
3095
3100
3101
3102
3104
3107
3109
3110
3112
3113
3115
3117
3119
3122
3123
3127
3130
3135
3136
3139
3140
3141
3142
3144
3146
3151
3152
3157
3166
3172
3175
3176
3177
3178
3179
3180
3184
3186
3187
3189
3190
3192
3198
3200
3210
3211
3212
3213
3214
3215
3218
3222
3227
3229
3231
3232
3237
3239
3241
3242
3244
3245
3258
3260
3262
3264
3267
3268
3276
3278
3280
3282
3284
3286
3287
3290
3294
3296
3297
3298
3299
3304
3311
3313
3321
3325
3328
3332
3336
3339
3340
3341
3344
3345
3349
3351
3352
3358
3359
3360
3361
3366
3372
3373
3374
3377
3382
3383
3388
3389
3392
3398
3400
3402
3403
3404
3405
3407
3409
3415
3417
3418
3420
3422
3424
3426
3427
3430
3432
3433
3434
3436
3440
3446
3447
3448
3449
3450
3458
3461
3464
3465
3468
3470
3474
3480
3482
3484
3485
3487
3490
3496
3500
3504
3505
3506
3513
3514
3516
3518
3523
3529
3530
3532
3533
3536
3537
3540
3544
3545
3546
3548
3551
3553
3562
3563
3566
3567
3572
3574
3576
3577
3578
3582
3587
3588
3590
3594
3595
3597
3599
3600
3601
3603
3606
3608
3609
3611
3612
3614
3617
3618
3620
3625
3628
3632
3633
3635
3637
3639
3641
3643
3645
3649
3654
3655
3656
3661
3662
3665
3676
3677
3679
3681
3683
3684
3686
3687
3688
3690
3691
3695
3696
3699
3704
3706
3708
3713
3716
3718
3720
3722
3724
3726
3729
3733
3735
3736
3738
3740
3741
3744
3745
3747
3748
3753
3759
3764
3767
3770
3772
3775
3777
3779
3783
3785
3788
3790
3792
3793
3796
3799
3803
3806
3808
3810
3812
3814
3816
3817
3818
3819
3821
3823
3824
3825
3828
3832
3833
3834
3836
3839
3843
3846
3847
3848
3849
3850
3857
3859
3860
3864
3865
3866
3868
3876
3878
3882
3885
3886
3887
3888
3889
3891
3894
3899
3900
3903
3913
3915
3916
3918
3921
3923
3926
3927
3929
3930
3931
3932
3933
3935
3936
3939
3941
3942
3943
3944
3945
3946
3950
3951
3953
3955
3964
3966
3970
3972
3976
3977
3980
3982
3988
3991
3993
3994
3997
3998
3999
4000
4005
4006
4007
4012
4013
4015
4016
4020
4021
4023
4024
4027
4031
4035
4038
4041
4042
4044
4045
4046
4051
4052
4053
4054
4055
4056
4057
4058
4065
4066
4067
4068
4070
4071
4072
4073
4074
4076
4078
4079
4080
4081
4082
4083
4085
4086
4087
4089
4090
4091
4092
4095
4096
4097
4099
4100
4101
4105
4106
4107
4111
4113
4115
4116
4118
4120
4121
4122
4123
4125
4126
4128
4129
4130
4132
4134
4135
4137
4140
4144
4145
4147
4148
4149
4151
4152
4158
4159
4160
4161
4162
4164
4166
4168
4170
4172
4173
4175
4176
4177
4178
4179
4180
4182
4183
4184
4187
4188
4189
4190
4192
4193
4194
4195
4196
4197
4199
4201
4203
4205
4206
4207
4209
4210
4212
4213
4214
4215
4216
4217
4221
4222
4223
4224
4225
4226
4227
4228
4229
4230
4231
4234
4235
4236
4237
4238
4239
4240
4241
4242
4243
4244
4246
4247
4248
4249
4251
4252
4253
4254
4255
4256
4257
4258
4259
4260
4261
4263
4264
4265
4266
4267
4268
4269
4270
4271
4272
4273
4274
4275
4276
4277
4278
4279
4280
4281
4283
4284
4285
4286
4287
4288
4289
4290
4291
4292
4293
4294
4295
4296
4297
4298
4299
4300
4301
4302
4303
4304
4305
4306
4307
4308
4309
4310
4311
4312
4313
4314
4315
4316
4317
4318
4319
4320
4321
4322
4323
4324
4325
4326
4327
4328
4329
4330
4331
4332
4333
4334
4335
4336
4337
4338
4339
4340
4341
4342
4343
4344
4345
4346
4347
4348
4349
4350
4351
4352
4353
4354
4355
4356
4357
4358
4359
4360
4361
4362
4363
4364
4365
4366
4367
4368
4369
4370
4371
4372
4373
4374
4375
4376
4377
4378
4379
4380
4381
4382
4383
4384
4385
4386
4387
4388
4389
4390
4391
4392
4393
4394
4395
4396
4397
4398
4399
4400
4401
4402
4403
4404
4405
4406
4407
4408
4409
4410
4411
4412
4413
4414
4415
4416
4417
4418
4419
4420
4421
4422
4423
4424
4425
4426
4427
4428
4429
4430
4431
4432
4433
4434
4435
4436
4437
4438
4439
4440
4441
4442
4443
4444
4445
4446
4447
4448
4449
4450
4451
4452
4453
4454
4455
4456
4457
4458
4459
4460
4461
4462
4463
4464
4465
4466
4467
4468
4469
4470
4471
4472
4473
4474
4475
4476
4477
4478
4479
4480
4481
4482
4483
4484
4485
4486
4487
4488
4489
4490
4491
4492
4493
4494
4495
4496
4497
4498
4499
4500
4501
4502
4503
4504
4505
4506
4507
4508
4509
4510
4511
4512
4513
4514
4515
4516
4517
4518
4519
4520
4521
4522
4523
4524
4525
4526
4527
4528
4529
4530
4531
4532
4533
4534
4535
4536
4537
4538
4539
4540
4541
4542
4543
4544
4545
4546
4547
4548
4549
4550
4551
4552
4553
4554
4555
4556
4557
4558
4559
4560
4561
4562
4563
4564
4565
4566
4567
4568
4569
4570
4571
4572
4573
4574
4575
4576
4577
4578
4579
4580
4581
4582
4583
4584
4585
4586
4587
4588
4589
4590
4591
4592
4593
4594
4595
4596
4597
4598
4599
4600
4601
4602
4603
4604
4605
4606
4607
4608
4609
4610
4611
4612
4613
4614
4615
4616
4617
4618
4619
4620
4621
4622
4623
4624
4625
4626
4627
4628
4629
4630
4631
4632
4633
4634
4635
4636
4637
4638
4639
4640
4641
4642
4643
4644
4645
4646
4647
4648
4649
4650
4651
4652
4653
4654
4655
4656
4657
4658
4659
4660
4661
4662
4663
4664
4665
4666
4667
4668
4669
4670
4671
4672
4673
4674
4675
4676
4677
4678
4679
4680
4681
4682
4683
4684
4685
4686
4687
4688
4689
4690
4691
4692
4693
4694
4695
4696
4697
4698
4699
4700
4701
4702
4703
4704
4705
4706
4707
4708
4709
4710
4711
4712
4713
4714
4715
4716
4717
4718
4719
4720
4721
4722
4723
4724
4725
4726
4727
4728
4729
4730
4731
4732
4733
4734
4735
4736
4737
4738
4739
4740
4741
4742
4743
4744
4745
4746
4747
4748
4749
4750
4751
4752
4753
4754
4755
4756
4757
4758
4759
4760
4761
4762
4763
4764
4765
4766
4767
4768
4769
4770
4771
4772
4773
4774
4775
4776
4777
4778
4779
4780
4781
4782
4783
4784
4785
4786
4787
4788
4789
4790
4791
4792
4793
4794
4795
4796
4797
4798
4799
4800
4801
4802
4803
4804
4805
4806
4807
4808
4809
4810
4811
4812
4813
4814
4815
4816
4817
4818
4819
4820
4821
4822
4823
4824
4825
4826
4827
4828
4829
4830
4831
4832
4833
4834
4835
4836
4837
4838
4839
4840
4841
4842
4843
4844
4845
4846
4847
4848
4849
4850
4851
4852
4853
4854
4855
4856
4857
4858
4859
4860
4861
4862
4863
4864
4865
4866
4867
4868
4869
4870
4871
4872
4873
4874
4875
4876
4877
4878
4879
4880
4881
4882
4883
4884
4885
4886
4887
4888
4889
4890
4891
4892
4893
4894
4895
4896
4897
4898
4899
4900
4901
4902
4903
4904
4905
4906
4907
4908
4909
4910
4911
4912
4913
4914
4915
4916
4917
4918
4919
4920
4921
4922
4923
4924
4925
4926
4927
4928
4929
4930
4931
4932
4933
4934
4939
4943
4944
4952
4959
4960
