22
40
49
51
52
131
132
133
135
136
153
154
157
159
197
198
199
202
215
217
224
225
227
242
243
245
246
282
359
360
361
364
370
385
394
416
417
418
425
426
428
442
443
444
472
474
478
480
523
524
526
530
542
543
544
546
548
551
556
558
559
568
570
580
581
584
591
593
594
597
607
608
615
616
618
619
664
665
685
695
697
698
706
714
730
731
741
748
750
751
752
769
799
800
802
803
813
831
842
868
880
882
883
911
928
929
938
939
940
952
971
972
1002
1004
1005
1051
1055
1066
1075
1087
1089
1097
1117
1118
1122
1129
1143
1144
1148
1149
1150
1174
1175
1176
1184
1185
1197
1199
1201
1202
1203
1204
1211
1220
1221
1231
1233
1257
1259
1260
1266
1295
1296
1302
1303
1304
1333
1335
1336
1347
1387
1388
1389
1390
1392
1394
1395
1407
1408
1418
1442
1446
1453
1457
1463
1472
1481
1482
1490
1492
1494
1495
1497
1516
1520
1522
1524
1530
1544
1546
1582
1609
1610
1617
1619
1620
1650
1674
1703
1710
1714
1727
1729
1733
1734
1771
1772
1786
1789
1813
1815
1816
1820
1822
1837
1843
1844
1845
1860
1861
1862
1863
1865
1913
1914
1916
1932
1933
1939
1940
1941
1944
1945
1946
1951
1952
1957
1959
1972
1977
1978
1979
1990
2001
2010
2011
2012
2015
2016
2018
2019
2021
2030
2032
2041
2076
2077
2078
2088
2089
2091
2094
2130
2137
2140
2164
2172
2175
2179
2181
2194
2195
2196
2201
2204
2213
2215
2216
2258
2259
2260
2270
2272
2273
2296
2305
2306
2324
2325
2326
2327
2331
2334
2349
2356
2358
2360
2362
2368
2406
2430
2431
2434
2435
2446
2447
2448
2449
2450
2460
2462
2464
2465
2466
2467
2480
2490
2492
2498
2499
2500
2505
2513
2524
2525
2529
2531
2532
2533
2536
2554
2563
2601
2605
2606
2610
2627
2629
2634
2635
2636
2638
2641
2643
2644
2652
2654
2656
2670
2671
2680
2681
2682
2688
2689
2693
2696
2697
2702
2712
2713
2715
2732
2733
2734
2756
2797
2798
2800
2806
2807
2831
2833
2835
2836
2848
2851
2887
2888
2889
2892
2893
2899
2934
2935
2936
2946
2980
2988
2989
3031
3039
3042
3043
3045
3060
3068
3069
3070
3086
3087
3093
3094
3114
3125
3147
3185
3186
3190
3191
3196
3197
3201
3202
3223
3224
3225
3228
3237
3246
3247
3262
3264
3276
3311
3312
3334
3369
3370
3374
3382
3384
3385
3386
3387
3388
3390
3391
3400
3405
3406
3407
3409
3410
3411
3412
3415
3416
3425
3426
3429
3430
3431
3450
3451
3459
3461
3462
3471
3475
3476
3477
3479
3480
3481
3482
3491
3498
3499
3500
3501
3507
3511
3516
3517
3528
3529
3555
3565
3572
3573
3578
3579
3580
3617
3619
3620
3621
3625
3633
3641
3642
3645
3647
3648
3651
3666
3667
3671
3696
3698
3699
3702
3703
3704
3710
3712
3722
3723
3724
3734
3738
3740
3742
3746
3748
3749
3757
3759
3760
3761
3763
3767
3795
3797
3807
3816
3817
3818
3819
3820
3821
3823
3831
3843
3844
3845
3855
3864
3865
3879
3881
3885
3887
3894
3895
3897
3903
3909
3921
3935
3940
3947
3948
3949
3954
3960
3968
3973
3974
3975
3976
3982
4004
4005
4006
4007
4009
4010
4015
4016
4017
4028
4036
4039
4040
4042
4043
4046
4054
4055
4058
4059
4068
4069
4072
4073
4074
4080
4092
4093
4094
4104
4107
4113
4114
4115
4130
4143
4152
4158
4160
4170
4172
4175
4177
4183
4184
4185
4188
4192
4193
4194
4198
4199
4206
4207
4209
4210
4216
4252
4262
4269
4270
4271
4277
4278
4288
4289
4299
4312
4313
4314
4325
4326
4327
4329
4338
4339
4341
4342
4346
4350
4352
4355
4357
4358
4360
4366
4369
4371
4376
4377
4378
4379
4399
4400
4401
4419
4420
4436
4437
4438
4443
4444
4454
4456
4460
4461
4475
4480
4482
4485
4488
4495
4506
4510
4515
4535
4542
4543
4550
4554
4561
4566
4567
4572
4574
4577
4578
4587
4589
4593
4594
4599
4601
4613
4624
4625
4630
4631
4632
4635
4636
4639
4655
4659
4673
4674
4675
4690
4693
4694
4710
4711
4712
4719
4720
4723
4724
4728
4730
4731
4733
4741
4754
4766
4768
4792
4793
4799
4804
4808
4809
4810
4822
4837
4844
4845
4848
4873
4879
4882
4883
4886
4888
4892
4894
4895
4897
4898
4900
4902
4908
4911
4916
4925
4949
4950
4952
4957
4963
4965
4967
4968
4969
4970
4971
4994
5001
5005
5006
5011
5012
5013
5018
5019
5020
5021
5035
5042
5049
5051
5068
5078
5080
5083
5085
5086
5087
5089
5091
5092
5095
5096
5097
5099
5101
5102
5104
5110
5111
5113
5114
5116
5117
5121
5122
5123
5128
5131
5144
5151
5152
5205
5206
5220
5222
5223
5250
5255
5256
5257
5261
5263
5265
5274
5276
5279
5280
5286
5298
5299
5308
5312
5315
5325
5326
5330
5337
5338
5347
5348
5353
5355
5360
5361
5362
5365
5366
5368
5376
5377
5388
5390
5392
5395
5400
5407
5425
5436
5437
5438
5450
5451
5459
5460
5466
5482
5487
5491
5492
5493
5502
5503
5504
5510
5512
5515
5519
5525
5527
5529
5541
5548
5552
5575
5579
5583
5585
5594
5596
5597
5598
5601
5606
5624
5632
5633
5635
5636
5637
5638
5639
5641
5642
5643
5653
5658
5662
5663
5666
5680
5681
5682
5684
5685
5686
5687
5702
5713
5715
5718
5719
5721
5723
5724
5725
5728
5729
5730
5732
5733
5742
5743
5744
5745
5748
5750
5751
5752
5757
5759
5761
5762
5766
5769
5770
5775
5782
5785
5794
5795
5796
5809
5810
5819
5821
5825
5832
5833
5845
5847
5862
5882
5884
5894
5900
5901
5903
5907
5919
5922
5923
5928
5936
5939
5943
5944
5945
5947
5957
5958
5966
5973
5978
5979
5992
5995
5998
6003
6013
6014
6015
6035
6036
6040
6042
6055
6061
6078
6086
6089
6094
6097
6099
6111
6122
6139
6145
6151
6154
6165
6170
6171
6184
6185
6186
6192
6193
6194
6197
6200
6203
6204
6207
6210
6212
6215
6217
6222
6229
6233
6245
6246
6253
6254
6255
6264
6265
6278
6279
6281
6293
6294
6296
6305
6308
6309
6335
6339
6349
6353
6354
6359
6360
6364
6370
6372
6379
6389
6391
6394
6401
6409
6412
6419
6422
6423
6428
6451
6452
6456
6461
6462
6495
6500
6505
6524
6525
6529
6532
6534
6552
6553
6559
6561
6564
6565
6566
6567
6570
6571
6582
6583
6593
6595
6597
6600
6601
6604
6605
6612
6613
6615
6617
6619
6625
6628
6636
6638
6643
6645
6646
6672
6697
6701
6705
6706
6713
6719
6720
6721
6722
6729
6732
6734
6742
6743
6755
6763
6765
6770
6774
6777
6781
6782
6783
6785
6791
6792
6798
6801
6804
6806
6807
6817
6823
6824
6826
6829
6830
6832
6833
6837
6845
6851
6852
6858
6859
6860
6869
6871
6872
6874
6877
6878
6883
6884
6886
6887
6888
6898
6899
6900
6901
6904
6905
6913
6925
6929
6932
6933
6935
6937
6938
6942
6946
6952
6956
6959
6960
6963
6968
6969
6970
6971
6973
6977
6980
6981
6982
6983
6989
6994
7002
7007
7008
7009
7013
7019
7024
7025
7026
7027
7028
7040
7048
7049
7051
7054
7059
7065
7066
7067
7078
7082
7083
7086
7091
7095
7096
7099
7107
7113
7118
7119
7121
7122
7134
7153
7155
7158
7164
7165
7179
7180
7182
7186
7189
7191
7195
7203
7206
7208
7209
7210
7211
7214
7218
7220
7221
7224
7226
7230
7234
7235
7238
7251
7256
7258
7280
7281
7283
7284
7296
7299
7310
7312
7321
7323
7325
7330
7332
7334
7335
7338
7350
7354
7358
7360
7362
7371
7374
7377
7381
7383
7384
7392
7396
7397
7398
7402
7408
7409
7410
7413
7416
7418
7419
7423
7425
7426
7428
7432
7433
7434
7437
7439
7441
7443
7445
7446
7449
7453
7454
7457
7458
7459
7460
7466
7467
7469
7471
7474
7475
7476
7479
7484
7485
7490
7498
7502
7503
7508
7509
7514
7517
7518
7521
7523
7524
7532
7533
7534
7538
7540
7541
7545
7546
7552
7554
7556
7557
7562
7564
7565
7569
7570
7571
7573
7575
7578
7580
7581
7584
7588
7589
7590
7594
7595
7597
7598
7602
7603
7605
7607
7610
7612
7618
7619
7620
7621
7623
7624
7628
7629
7630
7631
7632
7635
7636
7637
7642
7643
7648
7649
7656
7658
7660
7662
7664
7668
7669
7673
7675
7676
7677
7681
7682
7686
7687
7691
7694
7696
7699
7702
7704
7706
7707
7709
7714
7716
7718
7721
7724
7726
7732
7734
7735
7738
7741
7742
7743
7744
7745
7746
7748
7749
7750
7751
7756
7757
7760
7762
7763
7765
7770
7771
7773
7776
7777
7781
7783
7787
7788
7790
7795
7796
7799
7801
7803
7806
7809
7810
7817
7818
7819
7820
7821
7823
7824
7825
7826
7827
7830
7832
7833
7835
7837
7839
7845
7846
7847
7848
7852
7854
7855
7858
7861
7865
7866
7868
7871
7872
7873
7876
7879
7880
7882
7883
7886
7893
7895
7897
7898
7899
7902
7904
7905
7909
7910
7911
7912
7914
7915
7917
7920
7921
7924
7925
7927
7929
7930
7932
7933
7937
7938
7939
7940
7941
7943
7945
7949
7951
7953
7954
7957
7958
7959
7960
7961
7962
7963
7964
7965
7970
7971
7972
7973
7976
7977
7978
7981
7982
7983
7984
7987
7988
7989
7990
7991
7993
7994
7995
7996
8001
8006
8008
8009
8010
8011
8012
8013
8015
8016
8017
8020
8021
8022
8023
8024
8027
8031
8032
8036
8037
8039
8040
8045
8046
8047
8048
8049
8050
8055
8056
8057
8061
8062
8063
8064
8070
8073
8074
8075
8076
8078
8079
8080
8082
8083
8084
8087
8090
8091
8093
8095
8096
8097
8105
8106
8109
8110
8113
8114
8118
8119
8120
8121
8122
8126
8129
8131
8134
8135
8138
8139
8140
8141
8145
8149
8150
8151
8152
8155
8156
8157
8163
8164
8166
8170
8171
8174
8175
8176
8179
8180
8186
8188
8189
8190
8191
8192
8193
8194
8196
8197
8203
8207
8212
8215
8217
8218
8219
8220
8221
8222
8223
8224
8225
8226
8227
8228
8230
8231
8232
8236
8237
8238
8241
8242
8243
8244
8246
8247
8248
8249
8250
8251
8252
8253
8254
8255
8256
8258
8260
8261
8262
8263
8264
8265
8267
8268
8274
8275
8276
8277
8280
8281
8284
8285
8291
8292
8293
8300
8301
8302
8304
8305
8310
8311
8312
8313
8317
8318
8319
8320
8323
8325
8326
8334
8335
8336
8337
8339
8340
8341
8342
8343
8344
8345
8346
8347
8348
8349
8350
8352
8353
8354
8356
8358
8359
8361
8364
8365
8366
8367
8368
8370
8371
8372
8373
8374
8380
8381
8388
8389
8390
8391
8392
8393
8394
8395
8396
8398
8399
8401
8404
8405
8406
8407
8409
8410
8412
8413
8414
8417
8419
8420
8424
8427
8428
8429
8430
8431
8434
8435
8437
8438
8439
8440
8441
8442
8445
8446
8447
8448
8450
8451
8452
8453
8456
8457
8458
8460
8461
8462
8466
8468
8474
8479
8480
8481
8484
8485
8487
8489
8491
8492
8493
8494
8495
8496
8497
8498
8500
8502
8504
8510
8511
8512
8513
8516
8521
8522
8525
8526
8527
8528
8530
8531
8532
8533
8537
8539
8540
8541
8542
8545
8546
8547
8548
8549
8550
8551
8560
8563
8565
8566
8567
8572
8573
8574
8575
8576
8577
8580
8581
8584
8588
8589
8590
8591
8592
8593
8595
8596
8597
8598
8601
8604
8605
8606
8607
8608
8609
8611
8614
8615
8616
8617
8618
8619
8620
8621
8622
8623
8624
8628
8631
8633
8634
8636
8637
8638
8640
8641
8642
8643
8644
8645
8646
8649
8651
8652
8654
8655
8656
8657
8658
8659
8670
8671
8673
8674
8679
8680
8681
8683
8684
8685
8687
8689
8690
8691
8692
8693
8694
8695
8696
8699
8700
8702
8703
8704
8707
8708
8709
8712
8716
8717
8718
8719
8720
8722
8723
8725
8726
8727
8728
8729
8730
8731
8734
8736
8737
8739
8741
8745
8747
8748
8749
8751
8753
8758
8759
8762
8763
8764
8768
8769
8770
8772
8773
8775
8776
8777
8778
8779
8786
8787
8788
8790
8792
8793
8794
8795
8796
8797
8798
8799
8801
8802
8803
8805
8806
8807
8808
8809
8810
8811
8813
8814
8815
8816
8817
8818
8819
8821
8822
8829
8830
8831
8832
8833
8835
8836
8837
8838
8839
8840
8841
8842
8847
8849
8850
8851
8854
8855
8856
8859
8860
8861
8865
8866
8867
8868
8869
8870
8871
8872
8873
8874
8875
8877
8879
8880
8881
8883
8885
8886
8887
8888
8893
8898
8899
8903
8904
8905
8906
8908
8909
8910
8917
8919
8920
8921
8923
8924
8925
8926
8927
8929
8930
8931
8932
8934
8935
8936
8937
8938
8939
8940
8941
8942
8943
8944
8945
8946
8947
8950
8951
8952
8953
8955
8958
8959
8960
8961
8962
8969
8970
8971
8974
8977
8979
8982
8985
8986
8987
8993
8994
8995
8996
8997
9001
9002
9006
9007
9008
9009
9010
9011
9015
9016
9017
9018
9019
9023
9025
9026
9027
9028
9038
9039
9040
9042
9043
9044
9045
9059
9060
9061
9064
9065
9066
9067
9071
9072
9073
9074
9075
9076
9077
9078
9079
9081
9082
9083
9085
9086
9087
9088
9093
9094
9095
9098
9099
9100
9103
9105
9106
9108
9110
9111
9112
9113
9116
9117
9118
9119
9121
9123
9124
9125
9126
9127
9130
9131
9132
9133
9135
9136
9137
9139
9140
9141
9143
9144
9145
9146
9147
9150
9151
9152
9154
9156
9159
9160
9161
9162
9163
9164
9168
9169
9170
9173
9181
9182
9183
9184
9185
9187
9189
9190
9191
9192
9193
9194
9195
9196
9197
9198
9201
9202
9204
9206
9207
9208
9209
9210
9211
9212
9213
9214
9215
9216
9217
9218
9219
9220
9222
9223
9224
9225
9226
9227
9228
9229
9230
9231
9233
9234
9237
9238
9240
9250
9252
9255
9256
9257
9259
9260
9261
9262
9263
9266
9267
9268
9272
9273
9277
9278
9279
9281
9282
9283
9284
9289
9290
9292
9293
9296
9300
9301
9302
9303
9307
9308
9309
9310
9311
9312
9313
9316
9319
9320
9321
9322
9323
9324
9325
9326
9332
9336
9337
9338
9339
9340
9341
9342
9343
9344
9345
9351
9352
9353
9354
9355
9356
9357
9363
9364
9366
9367
9378
9379
9380
9381
9382
9385
9386
9387
9388
9389
9391
9392
9393
9394
9397
9398
9400
9402
9403
9406
9407
9408
9409
9416
9417
9419
9420
9422
9425
9427
9428
9430
9436
9445
9446
9447
9448
9449
9450
9451
9452
9453
9454
9455
9456
9457
9458
9459
9461
9462
9465
9467
9468
9469
9470
9472
9473
9476
9479
9481
9484
9492
9493
9494
9495
9496
9497
9502
9506
9510
9511
9512
9513
9514
9516
9519
9520
9521
9522
9530
9531
9539
9541
9542
9543
9544
9545
9547
9548
9549
9553
9555
9556
9557
9558
9559
9562
9564
9566
9570
9572
9573
9574
9575
9577
9578
9582
9583
9584
9585
9587
9588
9589
9590
9595
9600
9601
9604
9605
9606
9607
9608
9609
9613
9615
9616
9618
9619
9620
9623
9624
9626
9628
9631
9632
9633
9638
9639
9641
9642
9643
9644
9645
9646
9647
9650
9651
9652
9655
9656
9658
9659
9660
9663
9664
9667
9671
9675
9676
9678
9679
9684
9685
9686
9687
9688
9691
9692
9698
9699
9701
9702
9703
9705
9706
9708
9709
9710
9712
9713
9719
9720
9725
9726
9729
9730
9731
9732
9733
9736
9737
9739
9740
9742
9743
9744
9745
9746
9747
9748
9750
9751
9753
9754
9755
9757
9758
9760
9761
9762
9764
9765
9766
9767
9768
9770
9771
9774
9775
9777
9778
9779
9785
9791
9793
9794
9795
9796
9797
9799
9800
9804
9805
9806
9812
9813
9818
9824
9825
9826
9828
9830
9831
9833
9834
9835
9839
9840
9843
9844
9846
9847
9848
9853
9855
9857
9858
9859
9860
9861
9862
9863
9864
9866
9868
9871
9873
9874
9875
9876
9878
9879
9892
9894
9895
9896
9901
9902
9903
9907
9908
9909
9911
9912
9917
9918
9920
9921
9924
9927
9928
9929
9930
9931
9932
9933
9934
9935
9937
9939
9942
9943
9944
9945
9947
9953
9954
9955
9956
9959
9964
9965
9967
9969
9970
9971
9976
9977
9978
9981
9982
9983
9984
9985
9986
9987
9988
9990
9991
9992
9994
9995
9996
9997
9998
9999
10000
10002
10004
10005
10006
10010
10012
10013
10015
10018
10019
10020
10021
10022
10023
10024
10026
10027
10028
10030
10031
10032
10033
10034
10035
10038
10040
10041
10042
10043
10044
10045
10046
10047
10049
10050
10053
10055
10056
10057
10060
10061
10063
10064
10065
10066
10067
10069
10070
10071
10074
10075
10078
10081
10082
10083
10084
10085
10088
10089
10090
10093
10094
10095
10096
10098
10099
10100
10102
10104
10105
10106
10108
10109
10110
10111
10112
10113
10116
10117
10120
10121
10122
10126
10127
10129
10131
10132
10133
10134
10135
10136
10137
10138
10139
10142
10143
10145
10146
10148
10149
10151
10152
10154
10155
10156
10160
10162
10163
10164
10166
10168
10169
10170
10174
10175
10177
10179
10181
10183
10184
10189
10190
10191
10192
10193
10194
10195
10196
10199
10200
10201
10202
10203
10205
10206
10207
10208
10209
10210
10211
10212
10214
10215
10216
10217
10218
10219
10222
10224
10226
10227
10228
10229
10230
10231
10232
10233
10234
10235
10236
10237
10238
10239
10240
10241
10242
10243
10244
10245
10246
10247
10251
10252
10254
10256
10257
10259
10263
10264
10265
10267
10269
10272
10273
10277
10278
10279
10280
10281
10282
10283
10286
10288
10289
10290
10291
10295
10298
10299
10300
10301
10303
10304
10307
10308
10309
10310
10311
10312
10313
10314
10317
10318
10319
10320
10321
10326
10328
10329
10330
10332
10333
10334
10336
10337
10338
10339
10340
10341
10342
10343
10344
10345
10348
10349
10350
10351
10352
10353
10357
10362
10363
10364
10365
10366
10367
10368
10369
10370
10371
10372
10373
10374
10378
10379
10380
10381
10382
10383
10388
10389
10390
10391
10394
10395
10398
10399
10400
10401
10402
10403
10404
10409
10410
10411
10417
10418
10421
10422
10423
10424
10425
10427
10429
10431
10432
10433
10434
10435
10436
10437
10441
10443
10455
10456
10457
10466
10467
10470
10471
10472
10478
10479
10480
10485
10486
10487
10488
10490
10491
10493
10494
10496
10497
10502
10503
10504
10505
10508
10511
10512
10513
10514
10515
10516
10519
10521
10525
10527
10528
10529
10530
10533
10536
10537
10538
10541
10542
10546
10547
10548
10550
10553
10556
10560
10566
10575
10579
10582
10583
10585
10587
10588
10589
10590
10594
10595
10596
10598
10599
10600
10602
10603
10604
10605
10606
10607
10608
10609
10610
10611
10612
10613
10614
10617
10618
10619
10620
10621
10622
10623
10624
10625
10630
10631
10632
10633
10636
10639
10640
10641
10642
10643
10644
10645
10646
10647
10648
10649
10650
10655
10656
10658
10659
10660
10664
10665
10666
10669
10670
10672
10675
10678
10679
10680
10681
10682
10684
10685
10686
10687
10690
10691
10693
10696
10698
10699
10700
10701
10702
10703
10706
10707
10708
10709
10712
10713
10715
10716
10717
10721
10722
10723
10724
10727
10729
10730
10734
10735
10736
10737
10739
10741
10742
10746
10748
10749
10750
10751
10753
10754
10756
10757
10759
10760
10761
10762
10763
10764
10765
10766
10767
10768
10771
10772
10773
10774
10775
10776
10780
10781
10783
10784
10785
10786
10787
10788
10789
10792
10793
10798
10799
10800
10805
10809
10810
10811
10812
10813
10814
10815
10817
10818
10819
10823
10824
10825
10826
10828
10829
10834
10835
10839
10843
10844
10845
10846
10847
10850
10851
10852
10853
10854
10855
10856
10860
10861
10864
10865
10866
10868
10869
10871
10872
10873
10874
10875
10877
10881
10882
10883
10887
10888
10890
10892
10893
10894
10895
10897
10898
10899
10901
10902
10903
10906
10908
10909
10910
10911
10912
10915
10916
10917
10920
10921
10923
10924
10926
10928
10929
10930
10933
10934
10935
10939
10941
10942
10943
10944
10947
10948
10951
10956
10957
10958
10959
10960
10961
10967
10968
10969
10970
10971
10972
10973
10974
10975
10976
10977
10978
10979
10981
10982
10983
10987
10988
10989
10996
10999
11005
11007
11008
11009
11010
11011
11013
11014
11015
11019
11020
11023
11024
11026
11027
11030
11031
11033
11038
11039
11041
11042
11044
11045
11048
11049
11050
11051
11054
11055
11056
11057
11062
11063
11065
11066
11070
11076
11077
11078
11079
11080
11085
11086
11087
11088
11090
11094
11095
11096
11097
11099
11100
11101
11102
11104
11105
11106
11107
11108
11109
11113
11116
11117
11118
11120
11124
11125
11126
11127
11128
11129
11133
11134
11136
11140
11141
11142
11143
11144
11145
11146
11148
11159
11160
11161
11164
11165
11166
11167
11168
11169
11170
11173
11174
11176
11180
11181
11183
11184
11185
11186
11188
11190
11191
11192
11193
11194
11196
11197
11198
11199
11200
11202
11205
11206
11210
11211
11212
11213
11214
11216
11217
11218
11219
11220
11221
11222
11227
11229
11230
11231
11232
11233
11234
11237
11238
11239
11240
11241
11242
11246
11247
11249
11250
11251
11252
11255
11256
11257
11258
11259
11260
11261
11262
11267
11268
11269
11270
11271
11274
11275
11276
11277
11278
11279
11281
11284
11286
11287
11288
11289
11290
11292
11295
11296
11303
11304
11305
11307
11308
11309
11310
11312
11313
11316
11317
11318
11319
11320
11322
11323
11324
11326
11331
11332
11333
11334
11335
11336
11337
11338
11339
11340
11342
11343
11344
11349
11350
11355
11356
11357
11358
11359
11361
11365
11366
11367
11372
11375
11378
11379
11382
11385
11386
11388
11390
11392
11395
11396
11397
11398
11400
11401
11402
11403
11409
11412
11416
11418
11419
11422
11424
11425
11426
11429
11430
11431
11432
11433
11434
11436
11437
11438
11440
11441
11442
11443
11444
11446
11450
11451
11452
11454
11455
11456
11457
11458
11459
11460
11461
11462
11463
11464
11465
11466
11471
11472
11473
11474
11475
11476
11478
11479
11480
11481
11484
11485
11489
11490
11492
11493
11494
11495
11498
11499
11500
11502
11505
11506
11507
11509
11510
11511
11515
11518
11520
11521
11522
11523
11524
11525
11527
11530
11531
11532
11533
11534
11535
11536
11537
11538
11539
11540
11541
11543
11545
11546
11547
11548
11550
11551
11553
11554
11556
11557
11559
11560
11561
11562
11565
11566
11567
11568
11569
11570
11571
11575
11577
11578
11583
11584
11587
11588
11594
11595
11598
11602
11604
11605
11608
11610
11613
11615
11616
11617
11618
11619
11621
11625
11626
11628
11629
11630
11631
11632
11635
11637
11641
11642
11645
11646
11649
11650
11651
11652
11653
11655
11656
11659
11660
11661
11662
11663
11666
11667
11668
11670
11672
11674
11675
11681
11683
11684
11685
11686
11688
11689
11690
11691
11693
11695
11696
11697
11700
11701
11702
11703
11705
11707
11708
11712
11713
11714
11715
11716
11719
11720
11723
11724
11725
11726
11727
11728
11729
11731
11732
11734
11736
11739
11741
11748
11749
11751
11753
11754
11755
11757
11761
11762
11763
11764
11766
11767
11771
11772
11773
11776
11777
11778
11779
11780
11782
11783
11784
11785
11787
11789
11790
11792
11793
11795
11796
11797
11799
11800
11803
11805
11806
11807
11808
11809
11810
11811
11812
11814
11817
11818
11819
11820
11821
11822
11823
11826
11827
11828
11833
11839
11840
11842
11843
11844
11847
11850
11851
11852
11853
11855
11856
11857
11858
11859
11860
11861
11862
11865
11867
11868
11869
11875
11881
11882
11884
11885
11886
11889
11891
11893
11894
11895
11896
11898
11902
11903
11904
11905
11906
11907
11909
11910
11911
11912
11913
11914
11918
11921
11923
11928
11929
11930
11931
11933
11934
11935
11936
11937
11938
11939
11940
11941
11942
11943
11945
11946
11953
11954
11958
11959
11960
11963
11964
11966
11968
11971
11972
11973
11974
11975
11978
11979
11980
11983
11984
11987
11990
11991
11992
11993
11994
11996
11997
11998
11999
12001
12005
12006
12007
12008
12009
12012
12016
12017
12018
12019
12021
12023
12024
12026
12027
12028
12030
12031
12032
12033
12034
12035
12036
12037
12038
12040
12041
12044
12045
12048
12049
12050
12054
12055
12056
12057
12060
12063
12065
12066
12067
12068
12069
12071
12077
12078
12079
12080
12081
12082
12086
12088
12093
12094
12096
12102
12104
12105
12107
12108
12109
12110
12111
12112
12113
12116
12118
12120
12125
12126
12128
12132
12133
12134
12136
12137
12139
12140
12141
12142
12147
12151
12156
12157
12158
12159
12160
12161
12162
12165
12171
12172
12173
12176
12177
12180
12182
12183
12184
12185
12191
12192
12193
12194
12198
12199
12200
12203
12204
12205
12206
12208
12210
12213
12215
12217
12219
12220
12221
12222
12223
12224
12226
12227
12230
12231
12233
12235
12238
12242
12243
12249
12250
12257
12258
12259
12260
12268
12270
12277
12278
12279
12280
12281
12282
12285
12287
12290
12292
12294
12296
12299
12306
12307
12310
12311
12312
12314
12315
12319
12321
12327
12343
12344
12345
12348
12349
12350
12351
12354
12359
12360
12366
12371
12375
12379
12383
12384
12386
12387
12391
12392
12393
12397
12398
12399
12400
12401
12402
12403
12404
12405
12406
12409
12411
12412
12413
12414
12417
12418
12419
12420
12421
12422
12423
12424
12425
12426
12427
12428
12431
12434
12435
12436
12437
12441
12442
12443
12444
12446
12447
12448
12451
12452
12453
12454
12459
12463
12464
12465
12466
12467
12468
12469
12471
12472
12473
12474
12475
12476
12477
12479
12485
12486
12490
12491
12492
12496
12497
12498
12504
12505
12506
12508
12509
12511
12512
12513
12516
12517
12518
12519
12520
12521
12522
12524
12525
12526
12527
12528
12529
12531
12532
12535
12536
12537
12538
12539
12541
12544
12545
12552
12553
12555
12557
12558
12559
12560
12561
12562
12564
12565
12566
12567
12568
12569
12570
12571
12572
12577
12578
12579
12580
12582
12583
12585
12586
12587
12588
12590
12592
12593
12594
12595
12596
12598
12599
12600
12601
12602
12603
12607
12608
12609
12611
12612
12615
12616
12617
12618
12619
12621
12622
12624
12625
12626
12627
12629
12630
12631
12632
12633
12638
12641
12642
12646
12648
12651
12652
12654
12656
12658
12659
12661
12666
12667
12669
12672
12674
12676
12678
12679
12684
12686
12688
12691
12692
12693
12694
12695
12698
12700
12701
12702
12705
12706
12707
12708
12711
12712
12718
12719
12720
12721
12722
12724
12725
12726
12727
12734
12735
12736
12737
12738
12739
12740
12741
12743
12744
12752
12753
12757
12759
12762
12763
12765
12766
12768
12772
12775
12777
12778
12779
12780
12781
12783
12784
12788
12791
12797
12798
12799
12802
12803
12804
12806
12807
12808
12810
12811
12812
12813
12814
12815
12816
12817
12824
12834
12839
12840
12841
12842
12845
12846
12847
12849
12853
12856
12857
12859
12862
12866
12868
12869
12870
12871
12876
12877
12881
12882
12883
12884
12887
12888
12892
12893
12894
12896
12901
12902
12907
12912
12913
12914
12915
12924
12925
12929
12930
12931
12932
12933
12935
12946
12947
12949
12950
12955
12956
12957
12960
12961
12962
12963
12964
12965
12972
12974
12975
12980
12985
12986
12988
12992
12996
13000
13003
13006
13008
13011
13012
13013
13015
13016
13018
13020
13021
13022
13027
13028
13029
13031
13032
13035
13038
13043
13045
13046
13047
13048
13049
13050
13051
13052
13057
13058
13062
13065
13066
13067
13068
13069
13074
13075
13077
13082
13083
13084
13085
13091
13092
13095
13096
13102
13103
13104
13105
13106
13109
13110
13112
13115
13118
13122
13124
13127
13128
13131
13132
13133
13135
13159
13163
13165
13166
13175
13176
13177
13178
13180
13182
13185
13186
13187
13189
13190
13191
13192
13193
13196
13197
13198
13200
13202
13205
13207
13208
13209
13210
13212
13213
13214
13215
13217
13220
13226
13227
13228
13229
13231
13234
13235
13238
13242
13243
13245
13246
13248
13249
13250
13252
13253
13254
13256
13257
13258
13261
13264
13265
13266
13267
13268
13269
13270
13272
13273
13274
13275
13276
13279
13280
13284
13285
13287
13290
13291
13294
13296
13297
13298
13299
13300
13301
13302
13303
13304
13305
13306
13309
13311
13312
13313
13317
13320
13324
13325
13326
13327
13328
13329
13334
13335
13337
13338
13339
13340
13342
13343
13348
13355
13356
13357
13364
13365
13366
13369
13372
13376
13385
13386
13390
13391
13393
13396
13400
13401
13402
13403
13408
13413
13414
13417
13418
13419
13425
13430
13432
13434
13435
13436
13437
13450
13451
13452
13453
13454
13455
13459
13468
13473
13475
13476
13478
13479
13482
13484
13488
13489
13490
13494
13495
13496
13497
13506
13509
13510
13516
13519
13525
13531
13532
13536
13537
13538
13541
13544
13548
13550
13553
13555
13557
13558
13561
13562
13565
13566
13567
13569
13570
13571
13572
13573
13574
13576
13579
13580
13584
13585
13586
13588
13589
13590
13591
13596
13597
13601
13604
13605
13606
13607
13608
13609
13610
13611
13612
13614
13615
13620
13621
13622
13623
13624
13625
13627
13628
13629
13634
13636
13637
13641
13645
13646
13647
13650
13652
13653
13655
13659
13660
13661
13664
13667
13668
13669
13679
13681
13684
13685
13686
13687
13692
13697
13698
13700
13701
13702
13705
13706
13707
13708
13709
13711
13714
13716
13718
13719
13720
13721
13722
13723
13724
13731
13732
13733
13734
13737
13740
13741
13742
13743
13744
13745
13748
13749
13752
13753
13758
13759
13760
13765
13767
13768
13769
13770
13771
13772
13773
13774
13775
13778
13781
13782
13784
13785
13789
13790
13792
13793
13794
13795
13798
13800
13809
13810
13812
13813
13814
13815
13817
13818
13821
13827
13830
13831
13832
13833
13837
13838
13839
13840
13841
13843
13846
13847
13848
13849
13851
13852
13855
13856
13859
13860
13863
13867
13868
13871
13872
13873
13875
13876
13884
13892
13893
13898
13899
13900
13901
13904
13906
13909
13913
13914
13917
13918
13920
13921
13924
13925
13926
13931
13932
13935
13936
13937
13938
13941
13947
13948
13949
13954
13955
13956
13965
13966
13967
13968
13974
13976
13977
13978
13980
13981
13986
13987
13990
13991
13992
13993
13994
13995
13996
14000
14002
14012
14024
14025
14026
14036
14037
14050
14052
14053
14054
14056
14057
14058
14061
14062
14063
14064
14065
14067
14068
14069
14070
14071
14072
14074
14075
14078
14080
14081
14082
14084
14085
14086
14087
14090
14091
14094
14095
14097
14099
14101
14102
14103
14104
14107
14108
14109
14111
14112
14114
14119
14120
14121
14126
14127
14129
14130
14134
14136
14137
14141
14142
14143
14145
14146
14148
14149
14150
14151
14152
14157
14158
14159
14162
14163
14164
14165
14168
14170
14171
14173
14174
14175
14176
14177
14178
14179
14180
14181
14182
14183
14192
14193
14194
14195
14196
14197
14198
14199
14200
14202
14203
14204
14205
14207
14209
14211
14216
14217
14219
14222
14223
14226
14227
14228
14232
14233
14234
14236
14237
14238
14239
14240
14242
14243
14244
14255
14256
14259
14260
14261
14263
14268
14269
14270
14275
14276
14277
14278
14281
14282
14285
14286
14291
14293
14294
14295
14297
14298
14300
14301
14302
14306
14308
14310
14311
14312
14315
14317
14321
14323
14326
14327
14333
14334
14335
14336
14337
14339
14340
14342
14343
14344
14346
14349
14350
14351
14353
14356
14357
14363
14364
14367
14370
14371
14372
14373
14374
14377
14378
14379
14380
14382
14383
14387
14389
14390
14391
14393
14394
14395
14396
14397
14398
14399
14400
14401
14402
14404
14406
14408
14409
14410
14413
14423
14424
14425
14426
14427
14428
14429
14431
14432
14434
14439
14440
14441
14442
14443
14444
14445
14447
14452
14453
14454
14456
14457
14458
14460
14461
14462
14466
14467
14468
14469
14470
14471
14473
14475
14476
14478
14479
14480
14481
14482
14483
14484
14485
14488
14489
14490
14496
14497
14498
14502
14503
14504
14506
14507
14508
14509
14510
14511
14513
14514
14518
14519
14520
14521
14524
14527
14528
14529
14530
14532
14537
14538
14541
14545
14546
14547
14551
14554
14555
14556
14559
14560
14561
14562
14563
14565
14566
14568
14569
14570
14571
14572
14573
14577
14578
14579
14580
14581
14584
14585
14586
14588
14590
14593
14594
14596
14598
14599
14602
14604
14605
14606
14607
14613
14614
14618
14619
14620
14621
14623
14624
14626
14627
14630
14634
14636
14637
14638
14642
14649
14650
14651
14652
14653
14654
14657
14658
14659
14663
14664
14669
14670
14671
14673
14674
14676
14677
14682
14685
14691
14692
14694
14695
14696
14701
14702
14708
14712
14713
14715
14716
14717
14718
14722
14723
14724
14727
14728
14731
14732
14734
14735
14736
14737
14738
14739
14740
14741
14742
14743
14744
14745
14746
14747
14754
14755
14758
14759
14762
14763
14764
14765
14766
14767
14769
14770
14771
14772
14774
14775
14779
14780
14781
14783
14784
14786
14787
14791
14792
14794
14795
14796
14797
14798
14799
14800
14801
14802
14803
14804
14805
14807
14808
14810
14812
14814
14815
14816
14817
14820
14821
14824
14825
14826
14828
14829
14830
14831
14832
14833
14834
14835
14836
14837
14838
14839
14840
14850
14851
14852
14855
14856
14857
14858
14859
14860
14861
14862
14863
14864
14865
14866
14867
14868
14871
14874
14875
14879
14880
14881
14882
14884
14885
14888
14889
14890
14891
14892
14893
14894
14895
14896
14897
14898
14901
14902
14903
14904
14905
14906
14912
14913
14914
14917
14918
14921
14922
14923
14924
14925
14926
14927
14928
14929
14930
14931
14932
14933
14934
14936
14937
14938
14939
14940
14941
14942
14943
14944
14945
14947
14948
14952
14953
14955
14965
14966
14967
14968
14969
14970
14971
14972
14979
14980
14981
14982
14983
14984
14988
14989
14994
14995
14996
14999
15000
15001
15002
15003
15004
15007
15008
15009
15010
15011
15012
15013
15014
15015
15016
15017
15024
15025
15030
15032
15034
15035
15037
15039
15040
15041
15047
15051
15054
15055
15056
15059
15065
15066
15067
15068
15069
15070
15072
15073
15074
15078
15079
15083
15084
15085
15086
15087
15092
15093
15094
15096
15097
15098
15099
15100
15101
15102
15103
15106
15110
15111
15112
15119
15123
15124
15125
15126
15128
15131
15132
15133
15137
15138
15139
15141
15142
15143
15144
15145
15146
15148
15149
15150
15151
15152
15155
15156
15157
15158
15159
15160
15167
15168
15172
15173
15179
15180
15181
15185
15186
15187
15188
15189
15194
15195
15196
15198
15201
15202
15204
15205
15206
15209
15210
15211
15212
15214
15215
15216
15217
15218
15219
15220
15222
15223
15224
15226
15228
15233
15234
15236
15237
15238
15243
15244
15248
15257
15258
15259
15261
15262
15263
15268
15272
15275
15276
15277
15278
15288
15295
15296
15298
15299
15303
15304
15305
15306
15310
15311
15313
15315
15322
15323
15324
15325
15326
15327
15328
15329
15330
15331
15335
15343
15344
15345
15347
15350
15351
15352
15356
15359
15360
15363
15364
15365
15366
15367
15368
15369
15370
15371
15372
15373
15374
15375
15376
15377
15378
15379
15380
15381
15388
15389
15393
15394
15395
15396
15399
15400
15401
15403
15407
15408
15409
15410
15411
15412
15413
15414
15415
15425
15428
15429
15430
15432
15437
15438
15439
15446
15448
15449
15450
15451
15461
15467
15468
15478
15479
15480
15482
15486
15488
15489
15490
15493
15496
15500
15501
15502
15503
15504
15505
15506
15507
15508
15509
15512
15513
15514
15520
15522
15523
15524
15528
15532
15533
15534
15535
15538
15543
15544
15545
15546
15548
15549
15550
15551
15558
15559
15560
15561
15562
15563
15564
15565
15566
15567
15568
15569
15570
15572
15573
15576
15577
15582
15583
15584
15585
15586
15587
15588
15589
15591
15592
15593
15594
15595
15596
15597
15598
15603
15605
15606
15612
15613
15614
15615
15616
15617
15618
15619
15620
15621
15623
15624
15625
15626
15627
15628
15629
15634
15635
15636
15637
15641
15643
15644
15646
15648
15649
15650
15653
15659
15660
15667
15668
15669
15670
15671
15672
15673
15674
15679
15681
15687
15690
15693
15694
15695
15696
15699
15700
15701
15702
15704
15706
15712
15713
15717
15724
15727
15728
15729
15731
15732
15733
15734
15740
15741
15742
15743
15745
15751
15752
15753
15754
15755
15756
15757
15758
15760
15762
15765
15766
15767
15768
15769
15770
15771
15772
15773
15774
15775
15778
15779
15780
15781
15782
15783
15786
15787
15790
15791
15793
15803
15804
15805
15806
15807
15808
15809
15810
15811
15812
15813
15814
15815
15822
15826
15827
15828
15829
15830
15833
15834
15835
15836
15837
15838
15839
15840
15843
15844
15845
15847
15848
15855
15856
15857
15860
15862
15863
15866
15868
15871
15872
15873
15874
15875
15876
15877
15883
15884
15885
15886
15889
15890
15891
15892
15895
15896
15897
15898
15899
15900
15901
15902
15903
15907
15908
15910
15911
15913
15914
15915
15916
15917
15918
15919
15920
15921
15922
15923
15924
15925
15926
15927
15931
15933
15934
15935
15937
15938
15939
15944
15945
15949
15950
15951
15952
15956
15960
15961
15962
15971
15972
15974
15975
15976
15980
15981
15982
15983
15984
15985
15990
15992
15993
15994
15995
15996
15997
15998
15999
16000
16001
16002
16003
16004
16005
16006
16007
16008
16009
16015
16018
16019
16020
16021
16022
16027
16030
16038
16039
16040
16042
16043
16046
16051
16055
16056
16067
16068
16069
16070
16071
16075
16079
16080
16081
16082
16084
16085
16089
16090
16091
16092
16095
16096
16097
16098
16102
16103
16104
16107
16109
16110
16111
16112
16113
16114
16115
16116
16117
16120
16122
16123
16124
16125
16126
16127
16128
16129
16132
16133
16134
16136
16138
16139
16140
16141
16142
16143
16144
16145
16146
16148
16149
16150
16158
16159
16168
16169
16170
16171
16172
16174
16175
16176
16177
16178
16181
16182
16183
16184
16185
16186
16187
16188
16189
16190
16191
16192
16193
16194
16195
16196
16197
16203
16204
16205
16206
16207
16210
16211
16212
16213
16214
16217
16218
16219
16220
16221
16222
16223
16224
16225
16226
16229
16230
16231
16232
16237
16239
16240
16241
16242
16243
16246
16248
16251
16253
16254
16259
16262
16263
16264
16265
16266
16267
16271
16272
16273
16283
16285
16286
16287
16288
16289
16290
16291
16292
16294
16295
16297
16299
16302
16303
16304
16305
16307
16308
16309
16310
16313
16315
16316
16320
16322
16323
16324
16325
16329
16330
16331
16332
16338
16339
16342
16343
16344
16349
16353
16356
16357
16358
16359
16361
16366
16367
16368
16369
16370
16371
16373
16377
16379
16380
16381
16382
16383
16384
16385
16386
16387
16388
16389
16390
16391
16392
16393
16394
16395
16396
16397
16398
16399
16400
16401
16403
16406
16408
16409
16410
16411
16412
16413
16414
16415
16416
16417
16419
16420
16421
16422
16423
16425
16426
16427
16428
16429
16431
16432
16433
16434
16436
16437
16438
16446
16448
16451
16452
16453
16454
16455
16456
16457
16458
16459
16460
16461
16464
16465
16466
16467
16469
16470
16471
16472
16473
16474
16475
16478
16479
16482
16483
16484
16488
16489
16490
16496
16497
16499
16500
16506
16507
16508
16512
16518
16519
16521
16522
16523
16524
16525
16527
16528
16529
16530
16531
16532
16536
16538
16540
16550
16551
16552
16554
16555
16556
16557
16558
16559
16562
16568
16569
16570
16571
16584
16587
16588
16592
16594
16595
16596
16599
16600
16601
16602
16604
16605
16606
16607
16608
16609
16610
16613
16614
16620
16621
16622
16623
16628
16629
16631
16632
16633
16634
16635
16638
16646
16651
16652
16653
16654
16655
16659
16669
16670
16671
16673
16674
16677
16678
16679
16681
16682
16685
16686
16690
16691
16692
16693
16694
16695
16697
16703
16705
16707
16708
16709
16710
16711
16712
16713
16715
16716
16717
16718
16719
16722
16725
16730
16731
16732
16733
16734
16735
16740
16741
16743
16744
16745
16746
16747
16748
16749
16750
16751
16752
16756
16764
16770
16771
16776
16778
16779
16780
16785
16786
16787
16788
16789
16790
16791
16793
16794
16795
16799
16800
16802
16803
16804
16805
16806
16807
16809
16810
16811
16812
16818
16821
16822
16824
16825
16826
16829
16830
16831
16839
16843
16844
16845
16846
16853
16854
16856
16860
16861
16862
16863
16866
16867
16868
16869
16870
16871
16874
16875
16876
16877
16878
16879
16881
16882
16883
16884
16885
16886
16887
16888
16889
16890
16894
16900
16901
16904
16905
16906
16907
16909
16910
16911
16912
16913
16914
16915
16916
16919
16920
16921
16923
16924
16925
16926
16927
16928
16929
16930
16933
16934
16941
16944
16945
16946
16951
16952
16954
16955
16956
16957
16958
16959
16961
16962
16963
16965
16966
16967
16974
16975
16985
16986
16987
16989
16990
16993
16994
16996
16997
16998
16999
17000
17001
17002
17003
17004
17005
17006
17007
17008
17009
17010
17014
17015
17016
17020
17021
17022
17024
17025
17026
17027
17028
17038
17039
17043
17045
17047
17049
17050
17051
17052
17053
17054
17055
17056
17060
17063
17064
17065
17066
17073
17077
17078
17079
17080
17084
17085
17086
17089
17094
17096
17107
17108
17116
17120
17121
17122
17123
17124
17129
17136
17137
17138
17139
17140
17141
17145
17146
17148
17158
17159
17160
17161
17162
17163
17164
17166
17167
17168
17169
17170
17171
17177
17178
17179
17180
17181
17182
17184
17185
17186
17187
17189
17190
17191
17192
17200
17201
17202
17203
17204
17205
17206
17207
17208
17211
17213
17214
17217
17218
17219
17220
17221
17223
17224
17225
17226
17227
17228
17229
17230
17232
17235
17238
17239
17243
17244
17245
17247
17248
17249
17252
17253
17255
17259
17262
17263
17265
17266
17267
17268
17269
17272
17275
17278
17279
17280
17283
17286
17289
17290
17291
17294
17295
17296
17297
17298
17299
17300
17301
17302
17303
17305
17306
17307
17308
17309
17310
17312
17313
17314
17315
17316
17317
17318
17319
17320
17321
17322
17323
17327
17328
17329
17330
17331
17339
17340
17342
17344
17345
17346
17347
17348
17349
17353
17354
17356
17357
17358
17359
17360
17361
17363
17364
17365
17366
17367
17368
17369
17373
17374
17375
17380
17381
17383
17384
17385
17386
17387
17388
17389
17390
17392
17395
17396
17397
17398
17399
17400
17401
17402
17406
17407
17408
17409
17410
17412
17413
17414
17415
17419
17423
17425
17426
17427
17428
17430
17432
17433
17434
17436
17437
17438
17440
17441
17442
17443
17445
17448
17449
17450
17451
17453
17454
17455
17456
17457
17461
17463
17464
17465
17467
17469
17473
17478
17480
17484
17485
17488
17489
17490
17491
17492
17493
17497
17498
17499
17500
17501
17502
17503
17506
17507
17508
17509
17510
17511
17515
17516
17517
17518
17519
17520
17521
17522
17527
17532
17533
17534
17535
17536
17541
17542
17543
17544
17547
17550
17551
17552
17553
17554
17555
17556
17557
17560
17561
17564
17565
17567
17569
17570
17575
17576
17582
17584
17585
17586
17587
17588
17589
17590
17591
17592
17593
17594
17595
17596
17597
17600
17601
17602
17603
17604
17605
17606
17607
17610
17611
17612
17614
17620
17622
17624
17625
17629
17630
17631
17632
17634
17635
17636
17643
17644
17645
17646
17647
17648
17649
17651
17654
17655
17658
17659
17660
17662
17663
17664
17668
17669
17674
17677
17678
17679
17680
17681
17682
17683
17684
17685
17686
17700
17701
17706
17709
17710
17717
17720
17724
17725
17726
17727
17728
17729
17730
17734
17735
17736
17737
17741
17742
17743
17747
17748
17749
17750
17752
17753
17754
17755
17756
17760
17761
17762
17769
17771
17772
17773
17774
17775
17776
17777
17784
17785
17786
17787
17788
17791
17792
17793
17794
17795
17797
17798
17799
17800
17803
17804
17805
17807
17809
17810
17811
17812
17813
17814
17815
17816
17817
17818
17819
17820
17821
17822
17827
17830
17831
17832
17833
17834
17835
17836
17837
17838
17839
17840
17841
17842
17843
17844
17851
17852
17853
17854
17855
17856
17857
17858
17859
17860
17861
17862
17867
17868
17873
17876
17877
17878
17879
17883
17884
17885
17886
17887
17891
17896
17897
17898
17899
17900
17902
17905
17906
17908
17909
17910
17911
17912
17913
17921
17922
17924
17925
17937
17938
17941
17945
17946
17947
17948
17949
17951
17952
17953
17954
17957
17958
17959
17960
17961
17962
17963
17964
17965
17966
17969
17970
17971
17972
17973
17974
17975
17976
17977
17978
17979
17980
17981
17984
17985
17986
17987
17989
17990
17991
17992
17993
17994
17995
17997
17998
18001
18003
18005
18009
18010
18011
18013
18015
18016
18017
18018
18025
18026
18027
18028
18029
18030
18033
18034
18035
18036
18037
18038
18042
18043
18044
18046
18047
18050
18051
18052
18056
18060
18061
18063
18064
18067
18068
18077
18078
18079
18080
18081
18082
18083
18084
18085
18087
18089
18091
18092
18093
18094
18098
18101
18102
18103
18105
18106
18107
18109
18118
18119
18120
18121
18122
18123
18124
18125
18126
18127
18128
18129
18130
18131
18136
18139
18144
18145
18146
18147
18148
18149
18156
18158
18159
18163
18164
18165
18166
18168
18169
18170
18171
18172
18175
18179
18181
18184
18185
18186
18187
18188
18189
18190
18191
18194
18195
18196
18197
18200
18203
18206
18207
18211
18212
18215
18216
18217
18218
18219
18220
18221
18222
18223
18224
18225
18228
18229
18230
18231
18232
18235
18237
18238
18239
18241
18242
18244
18247
18250
18253
18255
18256
18259
18260
18261
18262
18263
18264
18265
18266
18267
18273
18274
18277
18278
18279
18281
18282
18286
18287
18288
18289
18292
18300
18302
18304
18305
18306
18307
18311
18312
18313
18318
18320
18322
18327
18330
18331
18332
18334
18337
18338
18339
18340
18341
18342
18343
18344
18349
18350
18351
18352
18357
18358
18359
18360
18361
18362
18363
18364
18365
18366
18374
18375
18376
18377
18378
18379
18380
18382
18383
18384
18385
18386
18387
18388
18389
18390
18394
18395
18396
18397
18398
18399
18400
18401
18402
18407
18408
18412
18421
18423
18424
18425
18426
18428
18432
18436
18441
18442
18455
18456
18457
18458
18459
18460
18461
18466
18474
18475
18476
18477
18480
18481
18482
18483
18488
18489
18492
18493
18494
18495
18496
18497
18498
18501
18502
18503
18504
18505
18506
18511
18512
18513
18514
18515
18519
18520
18521
18522
18526
18527
18528
18535
18536
18537
18538
18539
18540
18541
18542
18548
18549
18552
18554
18555
18556
18557
18560
18561
18566
18567
18568
18575
18576
18578
18581
18582
18583
18584
18586
18587
18588
18589
18590
18591
18593
18594
18595
18596
18599
18600
18601
18602
18609
18610
18611
18614
18616
18619
18620
18624
18625
18626
18628
18630
18631
18635
18637
18638
18639
18640
18641
18642
18643
18653
18654
18655
18657
18658
18659
18660
18661
18662
18663
18664
18665
18666
18668
18670
18671
18678
18679
18680
18683
18684
18685
18686
18687
18689
18690
18691
18692
18696
18697
18698
18699
18700
18701
18702
18703
18704
18708
18709
18710
18719
18726
18727
18728
18731
18732
18733
18734
18736
18737
18738
18739
18740
18743
18744
18745
18746
18748
18749
18750
18751
18752
18760
18761
18767
18771
18772
18773
18774
18777
18778
18779
18780
18781
18782
18783
18785
18786
18787
18788
18789
18791
18792
18793
18794
18796
18797
18798
18800
18801
18802
18804
18805
18807
18809
18811
18816
18817
18818
18819
18823
18827
18828
18829
18830
18831
18832
18833
18840
18841
18842
18843
18844
18845
18847
18852
18853
18854
18855
18860
18861
18862
18863
18865
18866
18867
18868
18869
18871
18877
18878
18879
18884
18885
18886
18887
18889
18900
18901
18907
18908
18914
18915
18916
18917
18918
18919
18920
18921
18922
18923
18927
18928
18929
18930
18931
18935
18936
18937
18938
18946
18947
18948
18949
18950
18951
18953
18954
18955
18956
18957
18958
18959
18960
18961
18962
18964
18965
18967
18968
18975
18978
18979
18981
18982
18983
18984
18989
18992
18993
18994
18995
18996
18997
19001
19003
19004
19005
19006
19007
19010
19015
19016
19017
19021
19024
19025
19033
19034
19035
19036
19037
19038
19039
19041
19042
19043
19044
19045
19046
19048
19050
19053
19054
19055
19056
19057
19059
19060
19068
19069
19070
19071
19073
19082
19083
19084
19085
19086
19087
19088
19089
19090
19091
19092
19093
19096
19099
19100
19104
19105
19107
19115
19116
19117
19118
19119
19120
19121
19129
19130
19133
19134
19135
19136
19137
19138
19143
19144
19145
19149
19150
19151
19152
19153
19154
19155
19156
19157
19158
19159
19160
19161
19162
19164
19165
19166
19167
19168
19169
19174
19176
19177
19179
19180
19181
19182
19183
19184
19185
19186
19188
19189
19190
19191
19192
19194
19195
19196
19197
19198
19199
19200
19201
19202
19203
19204
19205
19206
19207
19208
19209
19210
19218
19219
19220
19221
19224
19228
19229
19235
19237
19239
19244
19245
19246
19247
19248
19249
19250
19251
19252
19253
19254
19255
19256
19257
19258
19263
19264
19267
19268
19275
19276
19280
19281
19282
19283
19284
19285
19290
19291
19293
19294
19296
19297
19303
19304
19305
19306
19307
19308
19309
19310
19311
19312
19313
19314
19315
19317
19319
19320
19322
19324
19328
19329
19330
19331
19332
19335
19336
19340
19342
19343
19344
19347
19350
19351
19352
19353
19355
19356
19363
19364
19365
19366
19367
19368
19369
19378
19383
19384
19385
19386
19387
19388
19389
19395
19396
19400
19403
19404
19405
19406
19409
19410
19413
19415
19420
19423
19424
19425
19426
19427
19428
19429
19430
19437
19438
19441
19443
19444
19445
19447
19448
19449
19453
19454
19455
19456
19457
19458
19459
19460
19462
19463
19464
19465
19468
19469
19472
19473
19474
19477
19478
19479
19480
19481
19482
19483
19484
19488
19489
19490
19491
19495
19496
19497
19498
19500
19502
19503
19504
19507
19508
19509
19510
19511
19512
19513
19514
19515
19516
19517
19518
19519
19520
19521
19522
19523
19524
19525
19526
19527
19528
19533
19534
19535
19536
19538
19541
19542
19544
19545
19547
19556
19557
19558
19559
19560
19561
19565
19566
19567
19568
19570
19573
19574
19576
19577
19578
19579
19580
19588
19589
19590
19591
19592
19593
19594
19596
19597
19598
19599
19600
19601
19602
19603
19604
19605
19606
19607
19608
19610
19611
19612
19613
19614
19615
19616
19620
19626
19627
19629
19630
19634
19635
19636
19637
19646
19647
19648
19662
19666
19667
19671
19674
19675
19676
19679
19695
19696
19699
19700
19701
19705
19706
19707
19708
19711
19712
19713
19726
19727
19738
19739
19740
19741
19743
19747
19748
19749
19750
19751
19752
19754
19755
19756
19757
19759
19763
19764
19765
19766
19767
19768
19769
19772
19773
19776
19777
19778
19781
19783
19784
19785
19786
19787
19788
19789
19790
19791
19793
19794
19795
19798
19799
19800
19801
19802
19803
19805
19810
19811
19812
19815
19816
19817
19818
19819
19820
19826
19827
19829
19831
19832
19834
19838
19842
19846
19847
19848
19850
19851
19852
19854
19855
19856
19857
19858
19859
19863
19864
19866
19867
19868
19870
19873
19874
19875
19876
19880
19881
19884
19885
19886
19887
19888
19889
19890
19891
19892
19893
19894
19895
19896
19897
19898
19901
19902
19903
19904
19906
19907
19908
19911
19914
19917
19918
19919
19920
19921
19922
19924
19929
19930
19931
19935
19940
19942
19943
19944
19947
19948
19949
19950
19951
19952
19953
19955
19956
19959
19963
19964
19967
19969
19970
19971
19972
19973
19974
19975
19978
19981
19982
19983
19984
19985
19986
19987
19989
19992
19993
19994
19995
19998
19999
20000
20001
20003
20004
20005
20006
20007
20008
20009
20010
20012
20013
20017
20020
20021
20022
20024
20029
20030
20031
20032
20035
20036
20037
20040
20041
20042
20043
20045
20046
20047
20048
20049
20050
20051
20052
20053
20056
20057
20058
20059
20060
20061
20063
20064
20065
20066
20074
20075
20076
20077
20078
20082
20083
20084
20085
20086
20087
20088
20090
20091
20097
20098
20099
20101
20102
20103
20104
20110
20111
20112
20113
20114
20115
20116
20118
20119
20123
20124
20125
20126
20127
20128
20129
20130
20131
20132
20133
20134
20135
20136
20137
20138
20140
20141
20143
20144
20145
20146
20161
20162
20163
20165
20166
20167
20168
20169
20170
20171
20172
20173
20174
20177
20178
20179
20181
20182
20183
20186
20187
20188
20189
20190
20191
20192
20193
20194
20195
20200
20203
20204
20205
20206
20208
20209
20210
20212
20213
20214
20215
20216
20217
20218
20219
20220
20221
20225
20227
20228
20231
20232
20233
20234
20235
20236
20237
20238
20241
20242
20243
20244
20245
20246
20252
20253
20254
20261
20262
20263
20264
20269
20270
20271
20272
20273
20274
20275
20276
20277
20279
20281
20282
20283
20284
20285
20286
20289
20300
20301
20302
20303
20304
20309
20310
20311
20312
20313
20320
20321
20322
20323
20328
20329
20330
20331
20332
20333
20334
20335
20340
20341
20342
20343
20344
20345
20357
20361
20362
20364
20368
20369
20372
20374
20375
20376
20381
20382
20383
20384
20389
20390
20393
20394
20398
20399
20403
20404
20405
20406
20407
20408
20411
20412
20413
20414
20415
20418
20419
20420
20421
20422
20424
20430
20433
20434
20435
20436
20437
20438
20441
20442
20443
20444
20445
20446
20449
20450
20452
20453
20454
20455
20456
20457
20458
20459
20460
20461
20462
20463
20464
20465
20466
20471
20472
20475
20476
20478
20479
20480
20481
20482
20483
20484
20487
20490
20491
20492
20493
20494
20495
20496
20497
20498
20499
20500
20505
20510
20511
20517
20518
20519
20524
20525
20526
20527
20528
20530
20531
20532
20533
20534
20535
20536
20537
20538
20539
20540
20541
20542
20545
20546
20548
20549
20550
20551
20552
20553
20554
20555
20556
20557
20559
20561
20562
20563
20564
20565
20567
20568
20569
20570
20571
20576
20582
20583
20584
20587
20588
20589
20590
20593
20594
20598
20600
20601
20602
20603
20604
20607
20611
20612
20613
20616
20617
20618
20619
20621
20622
20623
20624
20625
20626
20627
20631
20632
20633
20636
20637
20638
20639
20640
20642
20643
20646
20649
20650
20651
20656
20657
20658
20659
20660
20661
20662
20663
20664
20665
20666
20667
20668
20669
20670
20671
20672
20675
20676
20677
20679
20680
20681
20682
20683
20686
20687
20688
20690
20694
20695
20696
20697
20698
20699
20700
20701
20702
20703
20704
20708
20709
20710
20711
20712
20714
20715
20717
20718
20724
20725
20726
20728
20729
20730
20731
20733
20740
20741
20742
20743
20744
20745
20746
20750
20751
20756
20758
20759
20762
20763
20764
20765
20766
20769
20770
20771
20773
20774
20776
20777
20778
20779
20783
20784
20786
20787
20788
20789
20792
20794
20795
20796
20797
20799
20800
20801
20802
20803
20804
20805
20808
20809
20810
20812
20815
20819
20820
20821
20824
20825
20826
20827
20830
20831
20832
20833
20834
20835
20836
20837
20843
20844
20845
20846
20847
20848
20849
20850
20855
20856
20857
20858
20859
20861
20862
20863
20864
20865
20867
20868
20869
20870
20871
20872
20873
20874
20875
20877
20881
20884
20885
20886
20887
20889
20890
20891
20897
20899
20900
20901
20902
20903
20906
20907
20908
20909
20910
20911
20913
20914
20918
20919
20920
20922
20923
20924
20925
20926
20927
20928
20929
20931
20932
20933
20934
20935
20936
20937
20938
20939
20940
20941
20942
20943
20944
20945
20947
20948
20949
20952
20955
20956
20957
20958
20959
20960
20961
20964
20965
20966
20967
20968
20969
20972
20975
20976
20977
20978
20979
20980
20981
20982
20983
20984
20985
20986
20987
20988
20989
20992
20993
20994
20998
20999
21000
21001
21002
21004
21005
21006
21007
21008
21009
21011
21012
21014
21015
21016
21017
21018
21019
21023
21024
21025
21027
21028
21029
21032
21033
21034
21035
21036
21037
21038
21039
21041
21042
21043
21048
21049
21050
21051
21052
21053
21054
21059
21063
21064
21068
21069
21071
21072
21077
21078
21079
21080
21081
21082
21087
21090
21093
21095
21096
21097
21098
21099
21100
21101
21102
21104
21105
21106
21107
21111
21115
21116
21117
21118
21119
21120
21121
21122
21123
21124
21125
21126
21127
21128
21133
21137
21138
21139
21143
21144
21145
21146
21148
21149
21150
21151
21152
21153
21157
21159
21160
21161
21162
21163
21164
21165
21166
21167
21168
21170
21171
21172
21174
21175
21176
21177
21178
21179
21180
21181
21182
21184
21185
21188
21190
21192
21193
21200
21201
21202
21203
21204
21208
21209
21213
21219
21220
21221
21222
21223
21224
21226
21231
21232
21233
21234
21235
21237
21238
21239
21240
21241
21242
21243
21244
21245
21247
21252
21253
21254
21255
21258
21259
21265
21268
21271
21272
21273
21277
21281
21282
21283
21284
21285
21289
21294
21295
21296
21297
21298
21299
21300
21301
21302
21303
21306
21308
21309
21310
21314
21316
21317
21320
21321
21328
21331
21332
21333
21334
21337
21338
21339
21340
21341
21345
21346
21347
21348
21350
21351
21352
21353
21354
21355
21356
21357
21358
21359
21360
21362
21363
21364
21365
21366
21367
21368
21369
21370
21371
21372
21373
21377
21378
21379
21381
21383
21384
21385
21386
21387
21388
21391
21392
21394
21398
21399
21400
21401
21402
21406
21407
21408
21409
21410
21411
21413
21414
21420
21422
21423
21424
21425
21427
21428
21429
21430
21431
21432
21433
21434
21435
21436
21441
21442
21443
21447
21448
21449
21450
21451
21452
21453
21454
21455
21456
21462
21463
21464
21465
21466
21467
21468
21469
21471
21472
21473
21475
21476
21482
21483
21484
21485
21486
21487
21488
21489
21490
21493
21494
21495
21496
21497
21507
21512
21516
21517
21518
21519
21520
21523
21524
21525
21526
21527
21530
21533
21534
21535
21536
21540
21541
21542
21546
21557
21558
21559
21561
21563
21564
21567
21568
21569
21570
21571
21572
21573
21574
21575
21580
21581
21582
21583
21584
21585
21586
21587
21588
21590
21591
21592
21593
21594
21595
21596
21597
21599
21600
21602
21603
21604
21605
21606
21607
21608
21609
21610
21616
21617
21618
21624
21627
21628
21630
21633
21637
21638
21640
21641
21643
21644
21646
21649
21650
21651
21652
21659
21660
21661
21662
21663
21664
21670
21671
21672
21673
21674
21675
21676
21677
21678
21679
21680
21681
21682
21683
21685
21686
21687
21688
21691
21692
21693
21694
21697
21698
21699
21700
21704
21705
21706
21707
21708
21709
21713
21714
21715
21716
21717
21718
21719
21722
21723
21724
21727
21729
21731
21732
21733
21734
21735
21736
21737
21738
21739
21745
21750
21751
21752
21753
21760
21761
21762
21763
21764
21766
21767
21768
21771
21773
21774
21775
21778
21779
21780
21781
21783
21784
21785
21786
21787
21788
21793
21797
21798
21801
21802
21803
21805
21806
21810
21812
21813
21817
21823
21824
21830
21831
21832
21833
21834
21841
21842
21843
21844
21845
21846
21849
21850
21851
21852
21858
21860
21861
21862
21864
21865
21866
21867
21868
21869
21870
21871
21872
21873
21874
21876
21879
21880
21882
21886
21888
21889
21890
21891
21893
21895
21896
21899
21900
21908
21909
21910
21912
21915
21916
21917
21919
21920
21921
21922
21923
21924
21928
21929
21932
21933
21934
21935
21936
21937
21940
21941
21942
21943
21944
21946
21947
21948
21949
21950
21951
21953
21954
21958
21959
21960
21961
21962
21963
21964
21965
21969
21974
21982
21983
21984
21985
21986
21994
21995
21996
21997
22001
22002
22003
22004
22005
22006
22007
22008
22011
22013
22014
22015
22016
22020
22021
22022
22023
22024
22025
22026
22027
22029
22030
22031
22032
22033
22034
22035
22036
22037
22038
22039
22040
22041
22044
22048
22049
22051
22052
22054
22055
22059
22060
22061
22063
22064
22065
22066
22071
22072
22073
22075
22076
22077
22080
22081
22082
22083
22084
22085
22088
22090
22091
22092
22093
22094
22096
22098
22099
22100
22102
22103
22107
22109
22114
22119
22121
22122
22123
22127
22128
22131
22132
22133
22135
22140
22141
22142
22146
22152
22154
22160
22161
22162
22163
22164
22165
22167
22168
22169
22170
22171
22172
22173
22178
22179
22180
22181
22184
22187
22193
22196
22197
22198
22203
22204
22205
22207
22210
22212
22213
22214
22217
22222
22224
22225
22226
22240
22253
22254
22255
22260
22261
22262
22264
22267
22269
22270
22271
22276
22277
22278
22279
22280
22281
22286
22291
22292
22297
22302
22303
22304
22305
22306
22307
22308
22310
22311
22312
22313
22314
22315
22316
22317
22318
22321
22323
22326
22330
22332
22333
22334
22336
22337
22338
22339
22340
22341
22342
22345
22346
22347
22348
22349
22350
22351
22353
22354
22355
22356
22360
22363
22364
22365
22366
22367
22372
22373
22374
22380
22382
22383
22384
22386
22389
22390
22395
22398
22399
22400
22403
22404
22407
22408
22409
22414
22415
22416
22417
22418
22419
22420
22421
22429
22430
22431
22432
22434
22435
22436
22437
22438
22439
22440
22441
22445
22446
22447
22450
22451
22452
22454
22455
22456
22458
22459
22464
22465
22466
22467
22471
22472
22473
22474
22475
22476
22477
22480
22481
22483
22484
22485
22492
22495
22496
22500
22502
22503
22509
22514
22515
22516
22518
22519
22520
22521
22523
22524
22525
22528
22529
22531
22532
22533
22534
22535
22536
22537
22539
22542
22546
22547
22549
22555
22556
22557
22558
22559
22560
22562
22563
22565
22566
22570
22571
22572
22573
22574
22575
22576
22577
22578
22579
22580
22581
22585
22586
22589
22590
22591
22600
22604
22605
22610
22611
22612
22614
22617
22618
22619
22620
22621
22623
22624
22625
22630
22633
22634
22635
22636
22637
22641
22643
22644
22645
22646
22649
22650
22651
22652
22653
22654
22655
22656
22657
22661
22664
22665
22666
22667
22669
22672
22674
22681
22683
22684
22685
22686
22687
22688
22689
22690
22693
22694
22695
22696
22697
22698
22704
22705
22706
22707
22709
22710
22711
22716
22717
22718
22719
22720
22721
22722
22723
22724
22725
22726
22727
22732
22733
22736
22737
22738
22739
22742
22743
22744
22745
22746
22747
22751
22752
22753
22754
22756
22757
22759
22760
22761
22762
22764
22767
22775
22778
22781
22782
22785
22788
22789
22790
22793
22794
22796
22800
22804
22805
22807
22808
22809
22810
22811
22812
22813
22819
22820
22821
22823
22824
22826
22827
22829
22830
22831
22832
22833
22834
22835
22836
22837
22838
22839
22840
22841
22842
22843
22845
22847
22848
22850
22851
22852
22853
22855
22856
22857
22858
22859
22860
22861
22862
22864
22865
22867
22868
22872
22875
22876
22878
22879
22880
22881
22886
22889
22897
22898
22907
22908
22915
22916
22919
22920
22921
22922
22923
22925
22926
22927
22928
22929
22931
22933
22934
22935
22936
22937
22938
22941
22944
22946
22947
22948
22949
22950
22951
22954
22956
22960
22961
22962
22963
22965
22967
22969
22970
22971
22972
22974
22975
22977
22978
22979
22982
22986
22987
22988
22992
22993
22994
23001
23003
23004
23006
23008
23010
23011
23015
23025
23026
23027
23028
23034
23035
23036
23038
23040
23041
23042
23043
23044
23045
23046
23047
23050
23052
23055
23056
23058
23059
23060
23061
23062
23066
23067
23068
23070
23071
23075
23076
23077
23078
23079
23080
23081
23082
23083
23084
23085
23086
23087
23088
23096
23097
23098
23100
23106
23108
23109
23110
23111
23112
23113
23114
23115
23117
23118
23119
23120
23121
23123
23133
23134
23141
23142
23146
23147
23148
23149
23150
23151
23153
23154
23155
23156
23157
23158
23159
23162
23163
23164
23165
23166
23167
23168
23171
23173
23174
23175
23176
23177
23178
23179
23180
23181
23182
23187
23188
23189
23193
23194
23195
23196
23197
23198
23199
23202
23205
23206
23207
23209
23210
23211
23212
23213
23214
23215
23216
23217
23218
23224
23228
23229
23230
23231
23232
23234
23235
23236
23237
23238
23239
23243
23244
23245
23246
23248
23249
23250
23251
23252
23255
23256
23259
23260
23261
23262
23266
23267
23273
23274
23275
23276
23277
23278
23281
23286
23287
23288
23289
23290
23291
23292
23293
23294
23295
23296
23297
23298
23299
23300
23304
23306
23308
23309
23314
23315
23316
23317
23322
23323
23325
23326
23327
23328
23329
23330
23331
23332
23339
23340
23341
23343
23346
23347
23348
23349
23350
23353
23354
23355
23356
23357
23358
23359
23361
23362
23364
23365
23366
23367
23369
23370
23371
23372
23373
23374
23376
23380
23382
23385
23387
23388
23389
23396
23397
23403
23405
23409
23417
23419
23420
23421
23422
23424
23429
23435
23436
23438
23439
23440
23441
23442
23445
23449
23450
23451
23454
23455
23460
23461
23462
23464
23467
23469
23470
23473
23474
23475
23476
23477
23478
23479
23480
23481
23482
23483
23485
23486
23487
23497
23498
23499
23500
23501
23504
23512
23513
23514
23516
23517
23518
23524
23525
23526
23527
23529
23530
23531
23533
23534
23544
23545
23553
23554
23555
23558
23559
23560
23561
23564
23568
23569
23574
23575
23576
23577
23578
23580
23581
23592
23593
23594
23595
23596
23597
23598
23601
23602
23603
23605
23623
23624
23627
23628
23629
23630
23631
23634
23635
23636
23637
23638
23641
23642
23644
23645
23649
23650
23657
23658
23659
23660
23661
23662
23663
23665
23666
23674
23681
23682
23688
23689
23690
23693
23694
23695
23696
23697
23698
23699
23700
23701
23703
23704
23705
23706
23707
23708
23713
23717
23718
23719
23720
23721
23722
23723
23724
23728
23730
23731
23732
23734
23736
23745
23746
23747
23761
23762
23765
23767
23768
23778
23779
23780
23781
23782
23786
23790
23792
23793
23797
23798
23806
23807
23809
23812
23813
23817
23818
23819
23820
23821
23822
23828
23829
23833
23834
23842
23843
23851
23857
23858
23859
23860
23861
23862
23866
23867
23868
23869
23870
23871
23872
23873
23874
23875
23877
23878
23879
23880
23881
23882
23893
23894
23895
23896
23897
23898
23899
23910
23912
23913
23918
23921
23922
23923
23924
23925
23926
23932
23933
23934
23935
23936
23937
23939
23940
23941
23942
23945
23947
23951
23952
23955
23956
23957
23959
23960
23961
23967
23968
23969
23971
23972
23974
23975
23976
23980
23981
23983
23986
23987
23989
23990
23991
23992
23993
24000
24001
24002
24004
24005
24006
24014
24015
24016
24029
24030
24033
24034
24035
24036
24038
24039
24040
24043
24044
24049
24050
24051
24052
24053
24054
24055
24058
24059
24060
24066
24067
24068
24069
24071
24072
24073
24074
24075
24076
24079
24080
24081
24082
24083
24084
24085
24088
24089
24092
24095
24096
24099
24100
24101
24102
24103
24128
24129
24130
24131
24132
24133
24137
24143
24144
24145
24147
24149
24151
24153
24154
24155
24156
24159
24160
24161
24162
24163
24171
24172
24173
24174
24175
24176
24177
24178
24181
24182
24183
24184
24185
24187
24189
24190
24191
24192
24193
24204
24205
24206
24207
24209
24216
24217
24219
24220
24224
24229
24230
24231
24232
24233
24234
24235
24236
24237
24238
24239
24240
24242
24244
24245
24246
24247
24248
24250
24251
24252
24254
24256
24260
24261
24262
24268
24273
24274
24275
24277
24278
24279
24280
24281
24282
24283
24289
24291
24292
24293
24294
24295
24297
24302
24303
24304
24306
24307
24308
24309
24311
24312
24313
24317
24322
24323
24324
24325
24326
24327
24328
24329
24330
24331
24332
24334
24335
24336
24337
24338
24339
24340
24341
24342
24343
24344
24345
24346
24347
24350
24351
24352
24353
24354
24355
24356
24357
24358
24359
24362
24363
24364
24365
24366
24367
24368
24369
24374
24375
24376
24381
24382
24383
24384
24385
24386
24389
24393
24394
24395
24396
24397
24398
24399
24400
24403
24404
24405
24406
24407
24409
24410
24411
24417
24418
24419
24420
24421
24422
24423
24429
24430
24442
24450
24451
24452
24453
24454
24464
24465
24466
24469
24470
24471
24472
24473
24474
24475
24476
24480
24481
24482
24483
24484
24485
24491
24496
24497
24498
24499
24500
24501
24503
24504
24506
24507
24508
24509
24510
24511
24512
24513
24514
24515
24516
24520
24521
24534
24535
24536
24537
24539
24540
24541
24545
24546
24549
24550
24551
24552
24553
24559
24560
24561
24563
24565
24566
24567
24568
24569
24570
24574
24575
24576
24577
24588
24589
24591
24592
24593
24595
24600
24601
24607
24608
24610
24612
24613
24621
24622
24623
24625
24626
24627
24631
24632
24633
24634
24635
24638
24639
24640
24641
24643
24651
24652
24653
24654
24655
24658
24659
24661
24662
24663
24664
24672
24673
24681
24682
24683
24693
24694
24695
24696
24697
24698
24699
24700
24701
24704
24708
24709
24710
24711
24712
24713
24714
24730
24731
24733
24736
24742
24743
24749
24750
24751
24752
24753
24756
24757
24758
24778
24779
24784
24786
24788
24790
24793
24794
24795
24796
24797
24812
24813
24814
24815
24824
24825
24838
24847
24848
24849
24850
24851
24852
24854
24855
24856
24863
24864
24865
24866
24867
24868
24869
24870
24871
24877
24878
24879
24880
24883
24884
24898
24906
24907
24908
24911
24913
24914
24915
24916
24921
24923
24924
24925
24926
24927
24928
24929
24930
24931
24957
24958
24959
24960
24972
24973
24974
24976
24977
24978
24979
24980
24985
24986
24987
24988
24989
24996
24997
24998
24999
25000
25003
25004
25005
25006
25007
25008
25011
25016
25017
25029
25030
25031
25032
25040
25041
25052
25056
25057
25058
25059
25063
25064
25067
25068
25072
25074
25086
25090
25091
25097
25098
25099
25100
25101
25102
25111
25118
25119
25120
25123
25131
25132
25133
25134
25135
25138
25139
25140
25141
25142
25143
25144
25145
25150
25151
25152
25153
25156
25159
25160
25161
25162
25171
25172
25179
25180
25181
25182
25183
25187
25188
25189
25190
25195
25196
25197
25198
25200
25201
25202
25203
25204
25205
25206
25207
25208
25210
25211
25213
25216
25217
25224
25225
25226
25234
25235
25236
25237
25239
25240
25241
25242
25243
25244
25245
25246
25247
25248
25253
25254
25255
25256
25267
25268
25269
25270
25271
25274
25275
25276
25277
25282
25283
25284
25286
25290
25291
25296
25300
25303
25304
25305
25306
25307
25308
25309
25310
25311
25313
25323
25324
25325
25326
25327
25328
25329
25343
25344
25345
25354
25355
25357
25367
25368
25373
25374
25375
25376
25381
25382
25389
25394
25395
25396
25397
25398
25401
25404
25405
25406
25407
25409
25410
25411
25412
25413
25416
25424
25425
25426
25435
25436
25437
25455
25456
25458
25459
25472
25474
25476
25477
25478
25479
25482
25500
25501
25502
25503
25504
25505
25506
25511
25512
25517
25533
25534
25542
25544
25545
25546
25548
25549
25550
25551
25555
25558
25559
25560
25561
25574
25575
25576
25577
25585
25586
25587
25588
25589
25596
25597
25598
25609
25610
25613
25615
25616
25621
25622
25629
25635
25636
25637
25646
25647
25650
25652
25657
25660
25661
25662
25677
25693
25696
25697
25701
25704
25705
25706
25707
25711
25712
25719
25720
25721
25722
25723
25724
25728
25729
25730
25732
25733
25734
25735
25736
25743
25744
25746
25747
25748
25753
25754
25756
25758
25759
25762
25766
25768
25776
25777
25778
25779
25788
25789
25790
25791
25800
25801
25806
25807
25808
25809
25824
25826
25830
25831
25832
25833
25835
25836
25838
25839
25840
25841
25842
25845
25846
25847
25849
25861
25862
25863
25864
25865
25869
25870
25873
25875
25876
25877
25879
25880
25889
25891
25892
25893
25894
25903
25910
25911
25921
25922
25923
25927
25929
25930
25931
25946
25947
25948
25952
25953
25954
25955
25957
25959
25960
25962
25963
25964
25967
25968
25973
25974
25976
25986
25999
26002
26003
26005
26006
26007
26010
26011
26012
26013
26014
26015
26016
26021
26022
26023
26026
26028
26029
26031
26032
26035
26036
26037
26038
26041
26042
26044
26047
26048
26057
26058
26059
26060
26061
26062
26070
26071
26072
26073
26075
26076
26077
26078
26079
26080
26081
26082
26084
26088
26089
26090
26092
26093
26097
26098
26103
26104
26106
26108
26109
26112
26113
26114
26116
26118
26119
26120
26121
26122
26123
26124
26127
26128
26130
26131
26133
26135
26137
26138
26139
26140
26141
26142
26143
26144
26146
26147
26151
26152
26153
26155
26156
26157
26158
26161
26163
26164
26167
26168
26170
26172
26173
26174
26177
26178
26180
26181
26182
26184
26185
26191
26192
26193
26194
26195
26197
26198
26199
26200
26201
26202
26203
26204
26205
26206
26207
26208
26209
26210
26213
26214
26217
26218
26221
26224
26225
26227
26228
26229
26230
26231
26232
26233
26235
26237
26238
26241
26242
26243
26244
26245
26246
26247
26248
26249
26251
26252
26253
26254
26255
26256
26257
26258
26259
26260
26261
26262
26263
26265
26266
26267
26271
26272
26273
26274
26275
26276
26277
26278
26279
26281
26282
26283
26286
26287
26288
26289
26291
26292
26293
26294
26296
26297
26298
26299
26301
26302
26305
26306
26308
26310
26312
26314
26315
26316
26317
26318
26319
26320
26323
26324
26326
26327
26328
26331
26332
26333
26335
26336
26337
26338
26339
26340
26341
26342
26343
26344
26346
26349
26350
26351
26352
26353
26354
26355
26356
26357
26358
26359
26360
26361
26362
26363
26364
26365
26366
26367
26368
26369
26370
26371
26372
26373
26374
26375
26376
26377
26378
26379
26380
26381
26382
26387
26388
26390
26391
26392
26394
26395
26396
26397
26398
26399
26400
26401
26402
26403
26404
26405
26407
26408
26409
26410
26411
26412
26417
26418
26420
26422
26424
26426
26427
26428
26429
26430
26431
26432
26433
26434
26435
26437
26438
26439
26440
26442
26444
26446
26447
26449
26451
26452
26453
26454
26455
26456
26457
26458
26459
26460
26461
26462
26463
26464
26466
26467
26468
26471
26472
26474
26475
26480
26481
26482
26483
26484
26485
26486
26487
26488
26489
26490
26492
26493
26494
26495
26496
26497
26498
26499
26500
26502
26503
26504
26506
26507
26508
26509
26510
26511
26512
26513
26514
26515
26516
26517
26518
26519
26520
26521
26522
26523
26524
26525
26526
26527
26528
26529
26530
26531
26532
26533
26534
26535
26536
26537
26538
26539
26540
26541
26542
26543
26544
26545
26546
26547
26548
26549
26550
26551
26552
26553
26554
26555
26556
26557
26558
26559
26560
26561
26562
26563
26564
26566
26567
26570
26571
26572
26573
26574
26575
26576
26577
26578
26579
26580
26581
26582
26583
26584
26586
26587
26589
26590
26591
26592
26593
26594
26595
26596
26599
26600
26601
26602
26603
26604
26605
26606
26607
26609
26610
26611
26612
26613
26614
26616
26617
26618
26619
26620
26621
26622
26623
26624
26625
26626
26627
26628
26629
26630
26631
26632
26633
26634
26635
26636
26637
26638
26639
26640
26641
26642
26643
26644
26645
26646
26647
26648
26650
26652
26653
26654
26655
26656
26657
26658
26659
26660
26661
26662
26663
26664
26665
26666
26667
26668
26669
26671
26672
26673
26674
26675
26676
26677
26678
26679
26680
26681
26682
26683
26684
26685
26686
26687
26688
26689
26693
26694
26695
26698
26699
26700
26701
26702
26703
26704
26705
26706
26707
26708
26709
26710
26711
26712
26713
26714
26715
26716
26717
26718
26719
26720
26721
26722
26723
26724
26725
26726
26727
26728
26729
26730
26731
26732
26733
26734
26735
26736
26737
26738
26739
26740
26741
26742
26744
26745
26746
26747
26748
26749
26750
26751
26754
26755
26758
26759
26762
26763
26764
26765
26766
26768
26772
26773
26778
26779
26780
26783
26784
26786
26788
26789
26790
26791
26793
26795
26797
26798
26801
26802
26803
26804
26808
26809
26810
26813
26814
26817
26818
26819
26820
26824
26825
26826
26828
26830
26832
26835
26836
26837
26843
26845
26850
26861
26862
26865
26866
26867
26868
26869
26870
26872
26873
26874
26875
26876
26878
26881
26882
26884
26886
26887
26889
26891
26892
26899
26900
26901
26902
26904
26905
26908
26909
26911
26916
26919
26922
26923
26924
26925
26927
26928
26929
26931
26933
26938
26940
26941
26945
26946
26949
26950
26953
26954
26956
26959
26961
26965
26966
26969
26970
26973
26974
26975
26977
26980
26981
26982
26984
26985
26986
26987
26988
26992
26993
26994
26995
26996
26997
26998
27009
27010
27012
27013
27014
27015
27017
27018
27019
27022
27023
27026
27027
27030
27031
27033
27034
27035
27038
27039
27041
27044
27045
27048
27049
27051
27052
27054
27055
27058
27059
27062
27065
27066
27070
27071
27072
27074
27075
27077
27078
27080
27081
27083
27084
27086
27088
27090
27091
27092
27096
27098
27099
27102
27103
27104
27105
27109
27110
27112
27114
27115
27116
27118
27120
27121
27122
27123
27126
27127
27129
27131
27132
27133
27135
27136
27139
27140
27141
27143
27144
27145
27146
27149
27150
27151
27152
27153
27154
27156
27157
27158
27161
27163
27165
27166
27167
27168
27172
27173
27176
27177
27180
27181
27184
27185
27188
27189
27192
27193
27195
27196
27197
27198
27200
27201
27204
27205
27208
27209
27210
27211
27213
27215
27216
27218
27219
27220
27221
27224
27225
27227
27230
27231
27233
27234
27237
27238
27239
27240
27243
27244
27245
27247
27248
27249
27252
27253
27254
27255
27256
27257
27258
27260
27261
27262
27263
27268
27269
27270
27271
27273
27274
27275
27277
27278
27279
27280
27281
27282
27284
27285
27287
27289
27291
27292
27294
27295
27298
27299
27300
27301
27302
27303
27305
27306
27308
27310
27312
27316
27317
27318
27326
27328
27329
27330
27331
27332
27334
27336
27338
27340
27341
27342
27346
27347
27348
27352
27358
27359
27360
27361
27362
27366
27367
27372
27374
27375
27377
27378
27379
27380
27381
27382
27385
27388
27396
27397
27398
27400
27402
27404
27405
27412
27415
27421
27427
27428
27429
27434
27435
27439
27443
27444
27448
27450
27452
27453
27455
27456
27459
27460
27463
27467
27470
27476
27485
27486
27488
27489
27490
27492
27493
27499
27504
27514
27516
27518
27519
27528
27533
27536
27541
27542
27543
27546
27550
27551
27553
27554
27558
27560
27565
27566
27568
27573
27574
27575
27577
27578
27581
27585
27588
27590
27592
27594
27597
27601
27602
27604
27609
27613
27614
27624
27625
27626
27629
27634
27637
27638
27639
27640
27647
27654
27655
27657
27659
27660
27663
27666
27669
27673
27674
27675
27681
27683
27685
27687
27702
27716
27719
27721
27722
27725
27732
27733
27736
27737
27738
27741
27754
27755
27756
27758
27759
27766
27770
27773
27778
27779
27780
27783
27784
27785
27786
27787
27792
27793
27794
27798
27802
27807
27808
27810
27816
27819
27820
27821
27823
27824
27831
27833
27836
27837
27840
27841
27848
27849
27851
27856
27857
27859
27861
27864
27865
27868
27873
27875
27878
27879
27883
27886
27887
27900
27906
27907
27908
27909
27910
27912
27913
27914
27917
27924
27925
27927
27928
27929
27934
27935
27936
27937
27941
27943
27953
27954
27955
27957
27961
27969
27970
27974
27978
27982
27985
27986
27989
27993
27995
27997
28000
28002
28004
28008
28013
28014
28021
28023
28026
28027
28037
28060
28065
28067
28097
28105
28112
