0
1
3
5
6
18
19
21
26
33
35
37
39
41
42
51
53
54
60
63
65
66
70
71
72
73
79
80
82
83
84
85
93
96
98
101
102
105
110
113
115
122
124
126
127
128
129
137
138
139
143
144
146
147
148
152
154
155
158
160
161
164
165
166
169
170
171
174
175
176
181
187
189
191
192
193
194
196
197
203
208
209
210
211
212
215
220
221
229
231
232
235
237
239
240
241
242
245
246
247
248
249
252
253
254
259
261
262
263
264
273
274
276
278
281
282
284
285
286
289
290
292
293
295
296
297
298
299
301
302
303
304
305
306
307
308
309
310
311
312
313
314
315
316
317
318
319
320
321
322
323
324
325
326
331
332
333
334
335
337
338
339
341
342
343
344
345
346
347
350
351
352
353
356
357
358
359
360
361
362
365
366
367
368
369
370
371
372
373
374
375
376
377
379
380
381
382
383
384
385
386
387
388
389
390
391
392
393
394
395
396
397
398
399
400
401
402
403
405
406
407
408
409
410
411
413
414
415
416
417
418
419
420
421
422
424
426
427
428
429
430
431
432
433
435
436
437
438
439
440
443
444
445
446
447
448
449
453
454
455
456
457
458
460
461
462
463
464
465
466
467
469
470
471
472
473
474
475
477
478
479
480
481
483
484
485
486
487
488
489
490
493
494
495
497
499
500
504
509
510
511
512
513
514
515
516
517
518
520
521
522
523
524
525
526
527
531
532
533
534
535
536
537
539
540
541
543
544
545
546
549
554
555
556
557
558
559
560
561
562
563
564
565
566
567
568
569
570
572
573
574
575
576
577
578
579
580
581
582
592
594
595
596
597
600
601
603
604
605
606
607
610
611
612
613
614
615
616
617
618
619
620
621
622
623
626
627
628
629
630
631
633
634
635
636
637
638
639
640
641
642
643
644
645
651
652
653
654
656
658
659
660
663
664
665
666
670
674
675
676
677
678
681
684
685
686
689
692
700
704
705
706
712
713
714
717
718
719
724
731
733
734
738
740
741
744
745
746
747
752
754
764
765
768
772
773
774
775
778
782
783
784
785
786
787
788
789
792
793
794
812
813
816
817
826
827
828
829
830
831
832
833
834
835
836
837
838
842
843
844
852
853
866
868
869
871
872
875
876
877
888
901
902
903
904
905
908
916
917
921
923
924
925
926
927
928
929
938
939
940
941
942
943
945
946
947
948
949
950
951
952
953
954
956
957
958
959
961
962
964
969
970
971
972
973
982
987
993
994
998
999
1000
1001
1005
1010
1012
1013
1015
1016
1017
1021
1022
1023
1024
1025
1026
1027
1030
1031
1038
1039
1040
1041
1042
1045
1050
1051
1052
1053
1054
1055
1059
1060
1062
1063
1069
1081
1082
1083
1087
1088
1089
1090
1091
1092
1094
1095
1100
1102
1103
1104
1105
1106
1107
1108
1109
1114
1115
1116
1117
1118
1119
1120
1121
1122
1127
1128
1130
1131
1132
1143
1144
1146
1148
1149
1150
1151
1152
1153
1156
1157
1161
1166
1167
1168
1170
1171
1172
1177
1182
1183
1201
1202
1203
1204
1207
1210
1211
1213
1214
1217
1218
1221
1222
1223
1224
1225
1226
1227
1228
1229
1231
1232
1233
1234
1235
1236
1240
1241
1244
1245
1246
1250
1252
1253
1255
1257
1258
1264
1266
1267
1270
1273
1274
1275
1276
1278
1283
1284
1285
1321
1322
1323
1324
1325
1326
1327
1328
1329
1331
1332
1333
1334
1337
1339
1340
1341
1342
1343
1344
1345
1346
1348
1349
1350
1351
1352
1353
1354
1355
1356
1357
1358
1359
1360
1361
1363
1365
1367
1369
1370
1372
1373
1377
1378
1381
1382
1383
1385
1386
1387
1388
1389
1390
1396
1397
1398
1400
1401
1402
1405
1407
1408
1409
1413
1414
1416
1417
1418
1419
1422
1424
1425
1435
1436
1439
1440
1441
1442
1443
1445
1446
1447
1450
1461
1462
1463
1469
1470
1473
1474
1476
1477
1484
1488
1492
1500
1501
1515
1516
1519
1520
1521
1522
1524
1525
1527
1528
1529
1530
1531
1532
1533
1534
1535
1536
1538
1545
1546
1547
1548
1549
1550
1551
1555
1558
1561
1562
1565
1567
1568
1569
1570
1571
1576
1579
1580
1584
1585
1587
1593
1594
1595
1596
1599
1601
1603
1604
1605
1606
1607
1608
1610
1614
1619
1620
1621
1624
1627
1628
1631
1632
1637
1638
1639
1640
1641
1642
1643
1646
1648
1651
1652
1653
1655
1656
1658
1660
1666
1667
1671
1672
1677
1679
1680
1681
1682
1683
1684
1685
1686
1687
1688
1689
1690
1697
1701
1702
1706
1709
1712
1713
1714
1717
1722
1726
1731
1733
1734
1738
1739
1744
1745
1748
1750
1752
1755
1756
1757
1758
1784
1785
1800
1801
1803
1804
1812
1813
1814
1815
1816
1818
1819
1820
1821
1822
1823
1824
1825
1835
1837
1838
1839
1845
1846
1847
1848
1851
1852
1864
1865
1876
1879
1880
1881
1882
1884
1885
1886
1887
1891
1892
1898
1899
1900
1901
1905
1907
1909
1911
1922
1940
1941
1942
1943
1950
1953
1956
1958
1961
1962
1963
1964
1975
1978
1988
1989
1990
1991
1992
1993
2006
2014
2029
2042
2044
2071
2080
2081
2082
2084
2085
2086
2087
2089
2091
2092
2093
2095
2099
2100
2101
2102
2103
2104
2105
2106
2107
2108
2109
2110
2111
2112
2122
2123
2125
2126
2127
2128
2129
2130
2131
2133
2134
2136
2137
2139
2140
2146
2147
2148
2152
2153
2154
2155
2156
2162
2163
2164
2169
2172
2173
2175
2176
2177
2178
2179
2180
2181
2186
2187
2188
2193
2197
2198
2203
2209
2210
2211
2212
2213
2214
2215
2216
2217
2231
2232
2233
2234
2235
2236
2237
2241
2242
2243
2244
2246
2248
2249
2251
2255
2256
2257
2258
2259
2260
2262
2263
2264
2273
2274
2275
2278
2279
2280
2281
2282
2283
2284
2285
2294
2295
2296
2297
2298
2299
2300
2301
2302
2303
2304
2306
2316
2320
2323
2329
2330
2333
2334
2335
2336
2339
2344
2345
2351
2354
2363
2367
2368
2371
2372
2373
2374
2375
2376
2377
2378
2379
2380
2383
2384
2385
2386
2393
2396
2397
2398
2399
2400
2401
2407
2408
2425
2426
2427
2428
2429
2430
2431
2432
2433
2434
2435
2436
2437
2438
2442
2443
2444
2445
2446
2447
2448
2449
2450
2454
2455
2456
2457
2460
2461
2476
2477
2478
2479
2480
2481
2490
2497
2498
2501
2502
2503
2505
2507
2514
2515
2516
2517
2518
2519
2520
2534
2535
2536
2537
2543
2549
2552
2556
2570
2571
2572
2573
2574
2575
2578
2579
2582
2583
2584
2585
2586
2587
2588
2589
2590
2591
2598
2601
2608
2611
2614
2615
2622
2627
2628
2630
2633
2634
2635
2648
2649
2650
2651
2652
2654
2657
2666
2667
2670
2672
2673
2674
2678
2679
2682
2689
2692
2694
2695
2696
2698
2699
2700
2701
2702
2703
2704
2705
2706
2707
2709
2710
2711
2712
2713
2714
2715
2716
2717
2742
2743
2746
2747
2750
2754
2759
2760
2761
2762
2763
2765
2766
2767
2771
2772
2777
2778
2779
2780
2781
2782
2783
2785
2786
2787
2793
2794
2795
2796
2797
2798
2799
2800
2801
2802
2803
2804
2805
2806
2809
2810
2812
2813
2814
2817
2820
2826
2829
2830
2831
2832
2836
2837
2838
2841
2846
2849
2850
2853
2858
2859
2860
2861
2862
2863
2867
2876
2877
2878
2879
2882
2895
2896
2897
2898
2899
2903
2904
2905
2906
2907
2908
2912
2913
2921
2922
2923
2928
2929
2930
2931
2932
2933
2934
2935
2936
2937
2938
2939
2940
2941
2951
2962
2963
2971
2973
2977
2979
2980
2981
2982
2983
2984
2987
2988
2989
2992
2993
2994
2996
2997
3002
3005
3006
3018
3019
3022
3023
3024
3025
3026
3027
3028
3031
3032
3033
3035
3036
3037
3038
3039
3041
3042
3043
3044
3051
3053
3054
3055
3064
3065
3066
3068
3079
3080
3081
3082
3085
3089
3090
3100
3101
3102
3103
3104
3105
3106
3107
3108
3109
3110
3111
3112
3113
3114
3115
3116
3117
3118
3126
3127
3128
3129
3130
3131
3132
3133
3135
3137
3138
3140
3141
3142
3143
3144
3145
3146
3147
3148
3149
3159
3162
3163
3164
3165
3166
3167
3168
3170
3171
3173
3174
3175
3184
3185
3186
3188
3189
3199
3200
3219
3220
3223
3224
3225
3226
3227
3228
3229
3230
3231
3232
3236
3237
3238
3239
3240
3241
3242
3244
3245
3246
3247
3253
3256
3259
3263
3266
3267
3268
3269
3270
3271
3272
3273
3274
3275
3276
3277
3278
3279
3280
3281
3282
3283
3284
3285
3286
3287
3289
3290
3291
3292
3293
3294
3295
3296
3297
3298
3299
3300
3304
3307
3308
3313
3317
3320
3324
3325
3326
3327
3328
3329
3330
3331
3332
3333
3334
3335
3336
3339
3342
3343
3344
3345
3348
3356
3357
3358
3365
3366
3367
3368
3369
3370
3371
3372
3373
3374
3392
3393
3394
3402
3409
3410
3411
3412
3413
3414
3415
3416
3421
3422
3436
3437
3438
3452
3460
3461
3471
3472
3474
3477
3480
3483
3485
3498
3508
3511
3512
3513
3514
3523
3524
3525
3526
3531
3532
3534
3537
3538
3539
3540
3541
3543
3546
3549
3550
3553
3555
3562
3563
3564
3565
3567
3576
3577
3578
3579
3580
3581
3582
3583
3584
3585
3586
3587
3588
3589
3590
3591
3592
3593
3594
3596
3597
3598
3599
3601
3615
3617
3621
3625
3630
3631
3632
3633
3635
3636
3637
3638
3639
3640
3641
3642
3643
3648
3649
3650
3651
3652
3653
3654
3658
3660
3662
3674
3678
3679
3681
3682
3686
3687
3688
3689
3690
3691
3692
3693
3694
3697
3698
3699
3703
3705
3706
3707
3708
3713
3715
3716
3718
3722
3725
3726
3729
3730
3731
3732
3733
3735
3737
3738
3740
3741
3742
3743
3744
3746
3748
3752
3754
3763
3768
3772
3773
3779
3781
3782
3783
3784
3785
3786
3788
3789
3790
3791
3792
3793
3794
3795
3796
3797
3798
3799
3800
3801
3802
3803
3804
3805
3806
3807
3808
3816
3822
3828
3829
3830
3831
3832
3833
3834
3850
3855
3857
3859
3860
3861
3862
3863
3864
3865
3868
3876
3889
3893
3894
3897
3898
3901
3902
3903
3904
3905
3906
3907
3908
3909
3911
3912
3913
3914
3915
3916
3917
3919
3920
3921
3922
3923
3924
3926
3927
3928
3929
3930
3932
3933
3935
3936
3937
3954
3958
3959
3960
3961
3963
3964
3965
3966
3967
3968
3969
3975
3978
3979
3980
3981
3982
3983
3984
3985
3986
3987
3988
3989
4004
4005
4009
4010
4011
4012
4013
4014
4015
4017
4021
4022
4023
4024
4025
4026
4027
4028
4029
4031
4035
4041
4042
4043
4044
4045
4046
4047
4048
4049
4050
4051
4052
4053
4054
4055
4056
4057
4058
4059
4060
4065
4066
4067
4069
4070
4072
4074
4075
4079
4082
4084
4086
4088
4091
4094
4096
4099
4100
4105
4107
4109
4113
4118
4124
4126
4127
4131
4132
4133
4143
4145
4146
4147
4148
4149
4150
4151
4152
4153
4154
4155
4161
4162
4163
4164
4165
4166
4167
4168
4169
4171
4173
4174
4175
4176
4177
4179
4180
4181
4186
4187
4188
4189
4190
4192
4196
4202
4204
4207
4208
4209
4210
4211
4212
4213
4214
4216
4218
4219
4220
4221
4222
4223
4225
4227
4229
4230
4232
4233
4234
4237
4239
4240
4242
4245
4247
4248
4249
4250
4253
4255
4256
4257
4258
4260
4261
4262
4263
4267
4268
4269
4270
4278
4286
4287
4288
4290
4292
4293
4295
4297
4298
4299
4302
4303
4304
4305
4308
4311
4312
4316
4330
4333
4335
4336
4339
4340
4341
4342
4343
4346
4347
4350
4351
4352
4353
4355
4356
4365
4366
4367
4369
4370
4371
4372
4373
4374
4375
4377
4380
4381
4382
4385
4386
4387
4389
4390
4392
4394
4395
4396
4397
4398
4399
4400
4401
4402
4405
4406
4407
4409
4410
4413
4414
4416
4417
4420
4421
4423
4426
4427
4428
4429
4430
4431
4432
4433
4434
4435
4437
4438
4439
4440
4441
4442
4443
4444
4445
4446
4447
4450
4451
4452
4453
4454
4459
4460
4461
4462
4463
4464
4466
4467
4468
4469
4470
4471
4472
4473
4474
4475
4476
4477
4478
4479
4480
4488
4489
4490
4491
4492
4493
4494
4495
4496
4499
4503
4504
4506
4509
4510
4511
4512
4513
4514
4515
4516
4517
4518
4519
4520
4521
4522
4523
4524
4525
4526
4527
4528
4529
4530
4531
4532
4533
4534
4535
4536
4537
4538
4539
4540
4541
4542
4543
4544
4545
4548
4549
4552
4553
4554
4555
4556
4557
4560
4564
4565
4566
4567
4568
4569
4570
4571
4572
4573
4574
4578
4579
4580
4581
4582
4583
4584
4585
4586
4588
4590
4591
4592
4595
4596
4597
4598
4599
4600
4604
4605
4606
4607
4608
4610
4612
4613
4614
4615
4616
4617
4618
4619
4620
4621
4622
4631
4633
4635
4638
4641
4648
4649
4651
4652
4663
4665
4667
4670
4671
4672
4673
4674
4675
4676
4677
4678
4679
4680
4685
4689
4690
4695
4697
4701
4707
4710
4711
4712
4713
4714
4715
4716
4718
4719
4720
4721
4723
4724
4729
4730
4731
4732
4733
4734
4735
4736
4737
4738
4739
4740
4742
4743
4744
4745
4746
4747
4748
4749
4750
4751
4752
4753
4755
4756
4758
4759
4762
4763
4765
4767
4768
4769
4770
4772
4773
4774
4775
4777
4778
4781
4782
4783
4786
4787
4797
4798
4800
4803
4804
4807
4808
4809
4816
4817
4818
4819
4820
4821
4822
4827
4829
4830
4831
4832
4833
4834
4836
4837
4838
4839
4840
4841
4842
4853
4854
4856
4859
4860
4861
4862
4863
4864
4865
4866
4867
4868
4869
4870
4872
4880
4881
4884
4885
4887
4888
4889
4890
4891
4892
4893
4894
4895
4896
4897
4898
4899
4901
4903
4906
4908
4911
4912
4918
4919
4924
4925
4928
4932
4933
4937
4938
4939
4940
4941
4942
4943
4944
4945
4946
4947
4948
4949
4950
4951
4952
4953
4954
4955
4956
4957
4958
4959
4960
4961
4962
4963
4964
4965
4966
4967
4968
4969
4970
4971
4972
4973
4977
4978
4980
4983
4984
4986
4987
4989
4990
4991
4992
4993
4994
5000
5001
5002
5004
5005
5006
5007
5009
5010
5011
5013
5014
5015
5016
5018
5020
5026
5027
5033
5034
5038
5039
5040
5041
5042
5043
5044
5046
5049
5050
5052
5054
5055
5058
5059
5062
5063
5064
5065
5066
5067
5068
5069
5070
5071
5072
5073
5074
5075
5076
5077
5078
5086
5088
5094
5095
5096
5097
5098
5099
5100
5101
5102
5103
5104
5107
5108
5109
5110
5112
5113
5114
5115
5116
5117
5119
5120
5121
5122
5152
5157
