4
7
12
16
18
19
20
22
23
25
30
35
36
37
40
41
42
44
50
56
57
59
60
62
65
66
70
72
73
74
75
78
80
81
83
85
94
95
97
98
100
104
105
108
110
122
124
125
130
133
135
136
141
147
148
149
151
158
162
164
165
166
167
170
177
179
180
196
197
198
199
200
201
205
206
207
208
214
215
216
219
234
236
238
240
241
253
256
261
263
267
268
271
277
279
285
287
288
292
293
301
302
303
313
318
320
322
323
328
330
336
337
341
344
345
348
349
351
352
353
355
357
360
362
363
364
366
367
368
370
372
373
374
375
379
380
382
383
384
387
388
389
390
391
392
393
394
396
397
398
399
400
401
402
404
405
406
407
409
411
412
413
417
418
419
420
421
422
423
424
425
426
427
428
429
431
432
433
435
439
440
441
442
444
445
446
447
452
456
458
459
460
461
462
463
465
466
467
468
469
471
474
478
479
480
484
488
489
491
492
494
495
496
499
502
503
510
511
512
513
514
515
516
517
521
522
523
524
525
528
529
530
532
533
534
535
536
538
539
540
541
543
546
548
550
551
552
553
554
555
556
557
558
559
560
562
563
565
568
569
570
571
572
573
574
575
576
577
578
579
582
583
584
587
588
589
590
592
593
594
595
596
597
598
600
601
602
603
604
606
607
608
609
610
611
612
613
614
615
616
617
618
619
621
625
626
627
628
630
631
632
633
634
636
637
638
639
640
641
642
643
644
645
646
647
648
649
652
656
657
659
660
661
662
663
664
666
667
668
669
670
671
672
673
674
675
677
678
679
680
681
682
683
684
685
686
687
688
690
691
693
696
697
698
699
700
701
702
703
704
705
706
707
708
709
710
711
712
713
714
715
717
718
719
720
721
723
725
726
727
728
729
730
731
732
733
734
735
736
738
740
741
742
743
744
745
746
747
748
749
750
752
753
754
755
757
758
759
760
762
764
765
766
767
768
769
770
773
775
776
777
778
779
780
781
782
783
784
785
790
791
792
793
794
795
796
797
798
799
800
801
802
803
804
805
806
807
808
809
810
812
813
814
815
816
819
820
821
822
825
826
827
828
832
833
834
835
836
838
839
840
841
842
844
845
846
847
849
850
851
853
854
857
858
861
862
863
864
865
866
867
868
869
870
871
872
873
874
878
879
880
881
882
883
884
885
886
887
888
892
893
894
895
896
897
898
899
902
903
905
906
907
908
909
910
911
912
913
914
915
916
917
919
920
921
922
924
925
927
932
933
934
935
936
937
938
939
940
941
945
946
947
948
949
953
954
955
956
957
959
960
963
964
966
967
968
969
970
971
972
973
974
976
977
978
980
981
982
983
984
985
986
988
990
991
992
993
994
995
997
998
999
1000
1001
1003
1004
1005
1006
1007
1008
1009
1010
1011
1012
1013
1014
1015
1016
1018
1019
1020
1021
1022
1023
1024
1025
1026
1028
1029
1030
1031
1032
1033
1034
1035
1036
1037
1038
1039
1041
1042
1043
1045
1046
1047
1049
1050
1051
1052
1053
1054
1055
1056
1059
1062
1063
1064
1066
1067
1068
1069
1070
1071
1072
1073
1074
1078
1079
1080
1082
1083
1084
1085
1087
1088
1089
1090
1091
1093
1097
1098
1101
1102
1103
1104
1105
1106
1110
1111
1112
1113
1115
1118
1119
1120
1121
1122
1123
1124
1125
1126
1127
1128
1129
1132
1133
1134
1135
1136
1137
1138
1139
1140
1141
1142
1143
1144
1146
1147
1148
1149
1150
1151
1152
1153
1154
1155
1156
1157
1158
1159
1160
1161
1162
1163
1164
1165
1167
1168
1169
1170
1171
1172
1173
1174
1175
1176
1177
1178
1179
1180
1187
1188
1189
1190
1192
1194
1195
1196
1197
1198
1199
1200
1201
1202
1203
1207
1208
1209
1210
1211
1212
1213
1214
1215
1216
1217
1218
1219
1220
1221
1222
1223
1224
1225
1226
1227
1232
1234
1235
1236
1237
1238
1240
1241
1242
1243
1244
1245
1246
1247
1248
1249
1250
1251
1252
1253
1254
1255
1257
1258
1259
1260
1261
1262
1263
1264
1265
1266
1268
1269
1271
1273
1274
1275
1276
1277
1278
1281
1282
1283
1284
1285
1287
1289
1290
1291
1292
1295
1296
1297
1298
1299
1300
1301
1302
1303
1304
1305
1306
1307
1308
1312
1313
1314
1317
1318
1320
1321
1323
1328
1330
1332
1334
1335
1336
1337
1338
1339
1340
1343
1344
1345
1346
1350
1351
1352
1353
1355
1358
1359
1360
1361
1364
1366
1367
1368
1371
1372
1373
1374
1375
1376
1377
1378
1379
1380
1381
1382
1383
1384
1385
1386
1388
1389
1394
1396
1397
1398
1399
1400
1401
1403
1405
1406
1408
1409
1410
1411
1412
1413
1416
1417
1418
1419
1420
1421
1422
1423
1424
1425
1426
1427
1428
1431
1432
1433
1434
1436
1437
1438
1439
1440
1441
1443
1444
1445
1446
1448
1449
1450
1451
1452
1454
1455
1457
1458
1460
1461
1465
1466
1467
1468
1469
1470
1472
1473
1474
1475
1476
1477
1478
1481
1482
1483
1484
1485
1486
1487
1488
1489
1490
1491
1493
1494
1495
1496
1497
1498
1499
1500
1501
1502
1504
1505
1506
1507
1508
1510
1512
1513
1515
1516
1517
1518
1519
1520
1521
1522
1523
1524
1525
1527
1529
1530
1533
1534
1535
1536
1538
1539
1540
1541
1542
1543
1544
1546
1547
1548
1549
1550
1551
1552
1553
1554
1555
1556
1557
1558
1559
1560
1561
1562
1563
1564
1565
1566
1567
1568
1569
1570
1571
1573
1574
1575
1576
1577
1578
1579
1580
1581
1585
1586
1587
1588
1589
1590
1593
1594
1595
1599
1603
1606
1607
1608
1609
1610
1614
1615
1616
1617
1618
1619
1620
1621
1622
1623
1624
1625
1626
1627
1628
1629
1630
1631
1633
1635
1636
1637
1638
1639
1640
1641
1642
1643
1644
1645
1646
1647
1648
1649
1650
1651
1652
1653
1657
1661
1662
1663
1664
1665
1666
1667
1672
1673
1674
1675
1676
1677
1678
1679
1680
1681
1682
1683
1686
1687
1690
1691
1692
1693
1696
1698
1699
1701
1702
1703
1704
1707
1708
1709
1710
1711
1712
1714
1717
1719
1722
1723
1724
1725
1729
1732
1733
1734
1735
1737
1738
1739
1740
1741
1742
1743
1744
1745
1746
1747
1751
1754
1755
1756
1758
1761
1763
1765
1766
1767
1769
1770
1773
1775
1778
1781
1784
1785
1786
1787
1788
1790
1791
1793
1794
1795
1801
1805
1806
1808
1813
1814
1815
1816
1817
1818
1819
1820
1821
1822
1823
1824
1825
1826
1829
1830
1831
1832
1833
1834
1835
1837
1839
1841
1842
1843
1844
1845
1846
1847
1848
1849
1852
1853
1854
1855
1857
1858
1859
1860
1861
1862
1863
1864
1867
1868
1869
1870
1872
1873
1874
1875
1876
1877
1878
1879
1880
1881
1882
1884
1885
1886
1887
1888
1889
1890
1892
1894
1896
1897
1898
1899
1900
1901
1902
1903
1904
1905
1906
1907
1908
1909
1910
1911
1912
1913
1914
1915
1916
1917
1918
1919
1920
1921
1922
1923
1924
1925
1926
1927
1928
1929
1930
1931
1932
1935
1936
1937
1938
1939
1940
1941
1942
1943
1944
1945
1946
1947
1948
1949
1950
1951
1952
1953
1954
1955
1956
1957
1958
1959
1960
1961
1962
1963
1964
1965
1966
1967
1968
1969
1970
1971
1972
1973
1974
1975
1976
1977
1978
1982
1983
1984
1985
1986
1987
1988
1989
1990
1991
1992
1993
1995
1996
1997
1999
2000
2003
2004
2005
2008
2009
2010
2011
2012
2013
2015
2016
2017
2018
2021
2022
2025
2028
2031
2032
2034
2035
2036
2037
2038
2039
2040
2041
2042
2043
2044
2045
2046
2047
2048
2049
2050
2051
2052
2053
2054
2055
2056
2057
2058
2059
2060
2061
2062
2074
2080
2082
2083
2084
2085
2086
2087
2088
2102
2103
2115
2116
2121
2130
2132
2136
2137
2140
2141
2148
2163
2168
2181
2183
2190
2195
2202
2203
2204
2205
2218
2220
2222
2228
2234
2242
2250
2251
2253
2262
2265
2267
2273
2275
2277
2285
2288
2289
2295
2300
2305
2311
2314
2322
2323
2327
2328
2330
2337
2341
2346
2355
2356
2361
2369
2382
2383
2385
2401
2415
2424
2441
2442
2446
2484
2500
2503
2509
2510
2526
2528
2530
2544
2550
2552
