9
24
26
27
29
38
40
41
45
46
47
48
49
60
62
64
71
72
73
75
78
85
86
87
88
90
91
92
93
103
104
105
110
116
146
149
150
152
161
162
163
164
166
167
168
169
171
172
174
175
176
177
179
180
181
183
185
186
187
188
194
203
204
205
209
210
211
221
241
242
243
247
292
294
298
299
300
303
304
305
309
310
311
314
315
318
319
325
326
327
333
334
335
336
337
338
339
340
342
343
359
360
375
376
382
383
385
390
398
400
401
402
404
405
408
422
423
424
425
426
427
444
461
462
463
468
471
472
473
474
476
477
479
487
488
521
524
528
530
531
532
534
537
549
565
567
568
569
580
581
582
584
586
587
591
592
594
595
596
597
599
600
602
606
607
609
636
637
638
642
644
651
653
655
656
657
659
660
663
664
665
666
667
668
669
670
674
675
677
678
679
680
681
682
683
684
685
687
688
689
695
696
697
715
716
717
718
719
720
721
722
723
724
728
730
732
733
737
738
747
749
750
751
759
760
766
767
768
775
776
777
779
781
782
783
784
787
788
790
791
792
798
799
800
802
803
804
806
807
808
824
825
836
837
839
840
841
848
849
850
852
853
854
856
857
865
866
867
883
897
900
901
903
905
918
919
920
923
934
935
936
950
953
959
962
963
969
1001
1003
1004
1005
1006
1007
1011
1012
1013
1018
1035
1037
1038
1039
1042
1050
1061
1062
1063
1066
1074
1077
1079
1080
1086
1087
1088
1091
1092
1107
1108
1112
1114
1116
1128
1132
1134
1135
1147
1152
1167
1172
1173
1174
1175
1185
1188
1189
1191
1199
1200
1202
1204
1206
1208
1210
1214
1216
1217
1218
1219
1224
1225
1227
1229
1234
1235
1238
1239
1241
1248
1249
1258
1261
1262
1273
1281
1282
1283
1284
1285
1286
1287
1291
1294
1297
1298
1300
1302
1304
1309
1310
1313
1316
1318
1324
1327
1335
1337
1343
1344
1352
1354
1355
1364
1365
1371
1372
1373
1374
1377
1378
1382
1384
1385
1386
1396
1397
1398
1399
1400
1401
1402
1404
1405
1407
1408
1414
1418
1421
1422
1424
1433
1435
1440
1441
1445
1447
1468
1471
1472
1475
1476
1478
1479
1485
1486
1487
1488
1489
1490
1492
1493
1504
1505
1506
1507
1508
1509
1510
1514
1515
1516
1517
1522
1525
1526
1527
1530
1531
1532
1534
1536
1537
1540
1541
1542
1550
1558
1559
1560
1572
1574
1575
1576
1578
1581
1582
1594
1595
1604
1608
1620
1621
1622
1623
1624
1630
1632
1634
1635
1642
1646
1647
1658
1660
1662
1665
1666
1667
1677
1678
1692
1695
1697
1704
1705
1718
1720
1721
1723
1726
1727
1728
1729
1740
1742
1743
1748
1749
1751
1753
1754
1756
1757
1758
1760
1764
1765
1767
1772
1773
1781
1782
1784
1785
1786
1788
1789
1790
1792
1793
1799
1805
1806
1815
1818
1819
1823
1827
1829
1830
1839
1840
1843
1850
1854
1856
1859
1865
1866
1867
1868
1869
1874
1892
1893
1894
1896
1901
1913
1919
1920
1924
1931
1932
1934
1937
1938
1939
1940
1942
1943
1945
1947
1948
1953
1956
1957
1958
1961
1962
1963
1969
1970
1974
1976
1979
1980
1982
1987
1996
1998
1999
2000
2001
2002
2003
2004
2006
2009
2010
2011
2012
2014
2015
2017
2026
2029
2031
2032
2033
2034
2035
2037
2040
2042
2044
2045
2047
2048
2055
2057
2060
2061
2062
2069
2070
2071
2073
2077
2090
2095
2097
2098
2099
2102
2103
2105
2106
2107
2108
2113
2114
2115
2116
2123
2125
2130
2132
2134
2136
2137
2138
2141
2142
2143
2144
2145
2147
2149
2151
2152
2153
2156
2158
2159
2160
2162
2164
2165
2166
2172
2174
2177
2181
2182
2190
2191
2193
2194
2196
2198
2200
2201
2202
2203
2209
2210
2211
2212
2214
2215
2216
2217
2218
2219
2221
2228
2229
2232
2233
2234
2236
2237
2239
2240
2241
2245
2246
2247
2248
2249
2253
2255
2257
2259
2260
2262
2264
2265
2266
2267
2274
2276
2277
2278
2286
2287
2288
2291
2293
2294
2296
2299
2302
2304
2305
2308
2309
2310
2314
2315
2316
2317
2319
2325
2327
2329
2332
2333
2336
2339
2348
2349
2351
2352
2353
2356
2358
2359
2360
2368
2369
2371
2372
2373
2374
2375
2376
2377
2378
2380
2381
2383
2384
2385
2387
2388
2389
2392
2394
2395
2397
2398
2399
2402
2403
2404
2405
2406
2407
2408
2409
2412
2413
2414
2416
2417
2418
2419
2420
2421
2426
2427
2428
2430
2432
2433
2434
2435
2437
2439
2440
2441
2442
2444
2445
2446
2449
2450
2451
2453
2455
2456
2457
2458
2461
2462
2463
2464
2465
2466
2467
2468
2469
2470
2473
2474
2476
2477
2478
2479
2480
2481
2485
2486
2489
2490
2491
2492
2493
2496
2497
2498
2499
2500
2501
2502
2505
2506
2507
2509
2510
2511
2512
2513
2514
2515
2516
2517
2518
2521
2523
2525
2526
2527
2528
2529
2530
2531
2533
2536
2537
2538
2539
2542
2543
2544
2545
2546
2547
2548
2553
2554
2556
2557
2558
2559
2562
2564
2565
2567
2568
2569
2570
2572
2573
2574
2575
2576
2580
2581
2582
2583
2584
2585
2586
2587
2588
2589
2590
2591
2592
2593
2596
2597
2599
2602
2603
2604
2605
2607
2609
2610
2611
2612
2613
2614
2615
2616
2618
2619
2620
2621
2622
2623
2624
2625
2626
2627
2632
2635
2636
2637
2641
2642
2643
2644
2645
2646
2647
2648
2649
2650
2651
2652
2653
2654
2655
2656
2657
2658
2659
2660
2661
2666
2667
2668
2670
2671
2672
2676
2678
2680
2682
2683
2684
2685
2686
2687
2688
2689
2690
2691
2692
2699
2702
2703
2704
2705
2706
2708
2709
2710
2711
2712
2713
2716
2717
2718
2719
2721
2722
2723
2724
2725
2726
2727
2728
2729
2731
2732
2733
2734
2735
2737
2738
2739
2740
2741
2744
2746
2748
2750
2751
2752
2755
2756
2757
2758
2759
2760
2761
2762
2763
2764
2765
2766
2767
2768
2769
2771
2772
2777
2778
2779
2781
2782
2783
2784
2785
2786
2787
2789
2791
2792
2793
2795
2799
2800
2801
2802
2804
2805
2806
2807
2809
2810
2812
2813
2814
2815
2817
2818
2819
2821
2822
2823
2824
2825
2826
2828
2829
2830
2831
2832
2833
2834
2835
2836
2837
2838
2839
2840
2843
2845
2846
2847
2848
2849
2850
2851
2852
2853
2854
2855
2856
2858
2859
2860
2861
2863
2864
2866
2868
2870
2871
2872
2873
2874
2875
2876
2877
2878
2879
2880
2883
2884
2885
2886
2887
2890
2893
2894
2895
2896
2897
2903
2905
2906
2907
2908
2911
2912
2913
2914
2915
2916
2917
2918
2919
2920
2921
2922
2923
2925
2926
2927
2931
2932
2933
2934
2936
2938
2939
2940
2941
2944
2945
2947
2948
2950
2952
2953
2956
2959
2960
2964
2965
2966
2967
2970
2971
2972
2973
2976
2977
2978
2979
2980
2981
2982
2983
2984
2985
2986
2987
2988
2989
2990
2991
2992
2993
2994
2995
2996
2997
2999
3000
3001
3002
3003
3004
3005
3006
3007
3008
3009
3010
3011
3015
3016
3017
3019
3020
3021
3022
3024
3025
3026
3027
3029
3030
3031
3032
3033
3034
3035
3036
3037
3038
3039
3040
3041
3042
3043
3044
3045
3046
3047
3048
3049
3050
3051
3052
3053
3054
3055
3056
3057
3059
3060
3061
3062
3063
3064
3065
3066
3067
3068
3069
3070
3072
3073
3074
3075
3077
3078
3079
3080
3081
3082
3083
3085
3086
3089
3091
3092
3095
3096
3097
3098
3099
3100
3101
3102
3103
3104
3106
3107
3108
3109
3110
3111
3112
3113
3114
3115
3116
3117
3118
3119
3120
3123
3124
3125
3126
3127
3128
3129
3130
3131
3132
3133
3134
3135
3136
3137
3139
3140
3141
3143
3144
3145
3146
3147
3151
3152
3153
3154
3155
3160
3163
3164
3166
3167
3168
3169
3170
3171
3172
3174
3176
3177
3178
3179
3180
3181
3183
3184
3185
3186
3187
3188
3189
3190
3191
3192
3193
3194
3195
3196
3197
3198
3199
3200
3202
3203
3204
3205
3206
3207
3211
3212
3214
3215
3216
3217
3218
3219
3220
3222
3223
3224
3225
3226
3228
3229
3233
3234
3235
3236
3237
3238
3241
3242
3243
3244
3246
3249
3250
3251
3252
3253
3254
3255
3257
3258
3259
3261
3263
3265
3266
3267
3269
3270
3271
3272
3276
3277
3278
3279
3280
3283
3284
3285
3286
3287
3289
3291
3292
3293
3296
3297
3298
3299
3300
3301
3302
3303
3306
3307
3309
3310
3311
3312
3313
3314
3315
3316
3317
3318
3319
3321
3322
3323
3324
3325
3326
3329
3330
3332
3334
3335
3337
3338
3339
3342
3343
3344
3345
3346
3347
3348
3349
3350
3352
3353
3354
3355
3356
3357
3358
3359
3360
3361
3362
3363
3364
3365
3366
3368
3369
3370
3371
3373
3374
3375
3376
3377
3378
3379
3380
3381
3383
3384
3385
3386
3387
3388
3389
3390
3391
3394
3396
3397
3398
3399
3400
3401
3402
3403
3404
3405
3406
3407
3408
3409
3410
3411
3412
3413
3414
3415
3416
3419
3420
3422
3423
3424
3425
3427
3428
3429
3430
3431
3432
3433
3434
3435
3436
3437
3440
3441
3442
3443
3444
3445
3446
3447
3448
3449
3450
3452
3453
3454
3456
3457
3460
3461
3463
3464
3465
3466
3467
3469
3470
3471
3472
3473
3474
3478
3479
3480
3481
3482
3483
3484
3485
3486
3487
3488
3491
3492
3494
3495
3497
3498
3499
3500
3501
3502
3503
3504
3505
3508
3511
3512
3513
3514
3515
3516
3517
3518
3519
3520
3521
3522
3523
3524
3525
3526
3527
3528
3529
3530
3531
3532
3533
3534
3535
3536
3537
3538
3539
3540
3541
3542
3543
3545
3547
3548
3551
3552
3553
3554
3555
3556
3557
3558
3559
3560
3561
3562
3563
3564
3565
3566
3567
3568
3569
3570
3571
3572
3573
3574
3576
3577
3578
3580
3582
3583
3585
3586
3587
3588
3590
3593
3594
3595
3596
3597
3598
3599
3602
3603
3604
3607
3608
3609
3610
3611
3612
3613
3615
3616
3617
3618
3622
3623
3624
3625
3627
3628
3629
3630
3631
3632
3633
3634
3635
3636
3637
3638
3639
3640
3641
3642
3643
3644
3645
3646
3647
3648
3649
3650
3651
3652
3653
3656
3657
3658
3659
3660
3661
3662
3663
3664
3665
3667
3668
3671
3672
3673
3674
3675
3676
3677
3678
3680
3681
3682
3683
3684
3685
3686
3687
3688
3691
3692
3694
3695
3697
3698
3699
3700
3701
3702
3703
3710
3711
3712
3713
3714
3715
3716
3717
3718
3719
3720
3721
3722
3723
3726
3727
3728
3733
3736
3738
3739
3740
3741
3742
3743
3744
3745
3746
3747
3748
3749
3750
3751
3752
3753
3754
3755
3756
3757
3758
3759
3760
3761
3762
3763
3766
3767
3770
3771
3772
3773
3774
3775
3776
3777
3778
3779
3780
3781
3783
3786
3787
3788
3789
3790
3791
3792
3793
3794
3795
3796
3797
3798
3799
3800
3801
3803
3804
3805
3806
3807
3808
3809
3810
3811
3812
3813
3814
3817
3818
3819
3820
3825
3826
3828
3829
3831
3833
3834
3835
3836
3837
3838
3839
3840
3841
3842
3843
3844
3845
3846
3848
3850
3851
3852
3854
3855
3856
3858
3859
3860
3861
3862
3863
3864
3866
3867
3868
3869
3870
3871
3872
3873
3874
3875
3876
3877
3880
3881
3883
3884
3887
3888
3889
3890
3891
3892
3893
3894
3895
3896
3899
3900
3901
3902
3903
3904
3905
3906
3907
3908
3909
3912
3913
3914
3915
3916
3917
3918
3919
3920
3921
3922
3923
3924
3925
3926
3927
3928
3929
3930
3931
3932
3933
3934
3935
3936
3938
3941
3942
3943
3944
3945
3946
3947
3948
3949
3950
3952
3953
3954
3958
3960
3961
3962
3964
3965
3966
3973
3974
3976
3977
3978
3979
3980
3981
3982
3983
3984
3985
3987
3988
3989
3990
3991
3992
3993
3994
3997
3998
3999
4001
4004
4005
4006
4009
4010
4011
4012
4013
4014
4015
4016
4019
4020
4021
4022
4023
4024
4025
4026
4027
4030
4031
4039
4040
4041
4042
4043
4044
4045
4046
4047
4048
4049
4050
4052
4053
4054
4055
4056
4057
4058
4059
4060
4061
4062
4063
4064
4065
4066
4067
4068
4069
4070
4071
4072
4073
4074
4075
4076
4077
4078
4079
4080
4081
4082
4086
4087
4088
4089
4090
4092
4094
4095
4096
4097
4098
4101
4102
4103
4104
4105
4106
4107
4108
4109
4110
4111
4112
4113
4114
4115
4116
4117
4118
4119
4120
4121
4122
4123
4124
4125
4126
4127
4128
4129
4130
4132
4134
4135
4136
4137
4138
4139
4140
4142
4145
4146
4147
4148
4149
4150
4152
4153
4154
4155
4156
4157
4158
4159
4160
4161
4163
4164
4167
4168
4172
4173
4174
4175
4176
4178
4180
4181
4182
4183
4184
4185
4186
4187
4188
4189
4190
4191
4192
4193
4194
4196
4198
4201
4202
4204
4205
4206
4207
4208
4209
4210
4211
4212
4214
4215
4216
4217
4218
4219
4220
4221
4222
4223
4226
4227
4228
4229
4230
4231
4232
4233
4234
4236
4237
4238
4240
4242
4243
4244
4247
4251
4252
4253
4254
4255
4256
4257
4258
4259
4260
4261
4262
4264
4266
4267
4268
4269
4270
4271
4272
4273
4274
4275
4277
4278
4279
4282
4283
4284
4285
4286
4287
4288
4289
4290
4291
4292
4293
4294
4295
4296
4297
4298
4299
4300
4301
4302
4303
4305
4306
4307
4308
4309
4311
4312
4313
4314
4315
4316
4317
4318
4319
4320
4321
4323
4324
4325
4326
4327
4328
4329
4331
4332
4333
4334
4335
4336
4339
4340
4342
4343
4344
4345
4347
4348
4349
4350
4351
4352
4353
4354
4355
4358
4359
4360
4361
4362
4363
4364
4365
4368
4369
4370
4371
4372
4373
4374
4376
4377
4378
4379
4380
4381
4382
4383
4384
4385
4390
4391
4394
4395
4396
4397
4398
4399
4400
4401
4402
4403
4405
4406
4407
4408
4409
4410
4411
4414
4415
4416
4417
4422
4423
4424
4425
4426
4427
4428
4429
4430
4431
4433
4434
4435
4436
4437
4438
4439
4440
4441
4443
4444
4445
4446
4449
4450
4451
4455
4456
4457
4458
4459
4460
4461
4462
4463
4464
4465
4466
4467
4468
4469
4470
4474
4475
4476
4477
4478
4483
4484
4486
4487
4489
4491
4492
4493
4494
4495
4496
4498
4499
4500
4501
4503
4505
4508
4509
4510
4514
4515
4517
4518
4519
4520
4521
4522
4523
4524
4525
4526
4527
4528
4529
4530
4531
4532
4533
4535
4536
4537
4538
4540
4541
4542
4543
4544
4545
4546
4547
4548
4549
4550
4551
4552
4553
4554
4555
4556
4557
4558
4559
4560
4561
4562
4563
4564
4565
4566
4567
4568
4569
4570
4571
4572
4573
4574
4575
4577
4578
4579
4580
4582
4583
4584
4585
4586
4588
4590
4591
4594
4595
4596
4597
4599
4600
4601
4602
4603
4604
4605
4608
4609
4610
4611
4612
4616
4617
4619
4620
4621
4622
4623
4626
4627
4628
4629
4630
4631
4632
4634
4635
4636
4637
4638
4639
4641
4642
4643
4644
4645
4646
4647
4648
4651
4652
4655
4656
4657
4658
4659
4663
4664
4665
4666
4670
4671
4672
4673
4674
4675
4676
4679
4680
4682
4683
4684
4685
4686
4687
4688
4689
4690
4691
4692
4693
4695
4696
4697
4698
4699
4700
4701
4706
4707
4708
4710
4711
4713
4714
4715
4716
4717
4718
4719
4720
4721
4722
4723
4725
4726
4730
4731
4732
4733
4734
4735
4736
4737
4738
4739
4747
4748
4749
4750
4752
4754
4755
4756
4757
4763
4764
4765
4766
4768
4769
4770
4771
4772
4775
4777
4778
4779
4780
4782
4783
4784
4786
4787
4788
4789
4791
4792
4793
4795
4796
4800
4801
4802
4803
4804
4809
4811
4812
4813
4814
4816
4818
4819
4823
4824
4829
4830
4831
4834
4835
4837
4841
4843
4844
4845
4846
4847
4848
4849
4850
4851
4852
4853
4854
4855
4856
4857
4858
4859
4860
4861
4862
4863
4864
4865
4868
4870
4871
4872
4873
4874
4875
4876
4877
4878
4880
4881
4882
4884
4885
4886
4887
4888
4889
4890
4891
4892
4893
4894
4895
4896
4897
4898
4903
4904
4906
4907
4908
4918
4919
4920
4921
4925
4932
4933
4934
4935
4936
4940
4941
4942
4943
4944
4945
4947
4948
4951
4952
4953
4954
4955
4956
4957
4962
4963
4964
4965
4966
4967
4968
4969
4970
4971
4972
4973
4974
4975
4976
4977
4979
4980
4981
4983
4984
4988
4989
4990
4991
4992
4993
4994
4995
4996
4997
4998
4999
5003
5007
5008
5014
5015
5016
5020
5029
5030
5033
5034
5037
5039
5040
5046
5052
5053
5054
5055
5056
5057
5058
5059
5060
5061
5062
5063
5064
5068
5073
5074
5075
5076
5077
5080
5081
5082
5083
5084
5085
5086
5087
5088
5089
5090
5091
5092
5093
5094
5095
5098
5099
5100
5101
5102
5103
5104
5105
5106
5107
5108
5109
5110
5111
5112
5113
5115
5116
5117
5118
5119
5120
5121
5122
5123
5124
5125
5126
5127
5128
5129
5132
5133
5134
5135
5138
5139
5140
5141
5143
5145
5146
5147
5154
5155
5156
5157
5158
5160
5161
5164
5165
5166
5167
5171
5173
5176
5177
5178
5180
5181
5183
5184
5188
5191
5192
5193
5194
5195
5196
5197
5198
5200
5201
5202
5203
5204
5205
5206
5207
5208
5209
5210
5211
5212
5213
5214
5215
5216
5217
5218
5221
5222
5223
5224
5225
5226
5227
5228
5229
5230
5232
5234
5235
5236
5239
5241
5242
5243
5244
5246
5247
5251
5252
5254
5255
5256
5257
5258
5259
5260
5262
5263
5264
5266
5267
5268
5269
5270
5271
5273
5274
5275
5276
5278
5279
5280
5282
5283
5284
5285
5287
5288
5289
5290
5291
5292
5293
5294
5295
5296
5297
5298
5299
5300
5304
5307
5308
5309
5310
5311
5312
5313
5314
5315
5316
5317
5318
5319
5322
5324
5325
5326
5329
5330
5332
5335
5336
5339
5341
5346
5349
5350
5351
5352
5354
5355
5356
5357
5359
5360
5361
5362
5363
5364
5365
5366
5371
5373
5374
5375
5381
5386
5387
5389
5391
5392
5393
5394
5395
5396
5397
5401
5402
5403
5404
5405
5406
5407
5408
5410
5411
5412
5413
5414
5415
5416
5417
5418
5419
5420
5421
5422
5423
5424
5425
5426
5427
5429
5431
5435
5436
5439
5440
5442
5443
5445
5446
5447
5448
5449
5450
5451
5453
5454
5455
5456
5457
5460
5462
5463
5466
5467
5469
5470
5472
5473
5475
5480
5482
5485
5486
5487
5491
5492
5493
5494
5495
5500
5501
5503
5506
5511
5513
5514
5515
5516
5517
5521
5523
5524
5525
5529
5530
5532
5533
5538
5541
5542
5543
5551
5553
5554
5560
5561
5562
5563
5564
5565
5566
5567
5568
5569
5570
5572
5573
5574
5576
5577
5578
5579
5580
5581
5582
5584
5586
5587
5589
5590
5591
5594
5595
5596
5597
5598
5600
5601
5603
5604
5608
5609
5610
5612
5613
5615
5618
5619
5624
5625
5628
5629
5630
5633
5638
5639
5641
5642
5645
5649
5650
5651
5656
5660
5661
5664
5665
5666
5676
5677
5678
5681
5683
5689
5691
5706
5713
5716
5718
5719
5720
5722
5728
5731
5732
5735
5736
5738
5750
5751
5752
5753
5754
5762
5765
5767
5768
5775
5780
5795
5799
5802
5803
5822
5825
5827
5828
5833
5836
5837
5847
5852
5865
5869
5870
5871
5873
5878
5888
5889
5890
5894
5905
5906
5907
5908
5912
5914
5915
5916
5919
5931
5932
5945
5951
5957
5968
5978
5979
5989
5997
6008
6010
6011
6016
6029
6036
6038
6059
6062
6074
6076
6080
6132
6136
6139
6144
6152
6163
6169
6180
6182
6183
6188
6189
6192
6217
6236
6238
6239
6240
6292
6295
6323
6324
6348
6349
6355
6358
6360
6386
6394
6410
6412
6414
6415
6430
6458
6472
6473
6502
6505
6506
6519
6560
6561
6565
6573
6574
6580
6593
6605
6608
6609
6644
6673
6682
6708
6710
6711
6714
6719
6724
6725
6762
6763
6773
6775
6801
6803
6819
6820
6821
6847
6880
6901
6917
6921
6936
6938
6939
6940
6955
6956
6962
6964
7013
7030
7058
7060
7071
7072
7075
7080
7081
7093
7094
7099
7100
7102
7114
7115
7128
7134
7135
7138
7144
7145
7146
7148
7149
7151
7152
7172
7173
7180
7181
7182
7183
7188
7191
7192
7197
7202
7203
7204
7210
7212
7213
7218
7219
7223
7225
7227
7228
7229
7230
7231
7239
7240
7241
7249
7250
7252
7253
7254
7257
7258
7260
7267
7268
7298
7299
7301
7302
7303
7305
7306
7307
7309
7325
7326
7327
7337
7338
7339
7341
7371
7377
7390
7394
7411
7412
7466
