2
7
11
29
30
35
43
44
51
56
57
58
59
60
61
63
64
95
97
100
101
102
104
107
108
117
118
119
140
142
143
145
152
156
157
164
166
167
170
171
173
174
175
178
181
182
184
188
190
192
193
217
220
221
222
227
229
234
235
237
238
242
243
245
246
253
255
257
266
269
274
276
277
286
287
289
291
292
294
295
296
299
300
307
311
312
313
316
317
318
325
326
327
331
333
334
348
350
351
353
364
365
368
369
370
376
378
383
392
393
396
399
400
401
403
410
420
422
424
425
428
430
431
434
435
436
443
444
447
448
454
455
457
462
464
465
476
481
485
489
490
491
492
497
498
499
500
503
505
511
515
516
531
544
545
547
548
549
554
561
562
567
572
574
576
579
580
582
583
586
589
601
603
605
608
609
611
619
621
622
624
625
628
630
631
636
638
639
641
643
644
645
646
651
652
653
654
655
657
670
671
673
674
675
676
687
688
689
691
692
693
695
696
699
701
702
703
704
711
714
715
718
721
725
726
727
728
730
736
737
738
740
741
743
750
757
760
762
764
766
768
769
770
774
775
776
782
783
784
788
790
791
793
794
795
796
799
800
805
816
817
819
822
823
825
828
830
833
834
838
851
853
854
857
860
867
871
873
878
879
880
881
882
883
886
892
893
903
907
910
913
914
916
918
921
929
936
937
940
944
945
948
949
952
962
963
965
968
971
973
975
976
978
988
989
994
998
999
1001
1004
1006
1012
1014
1015
1016
1017
1018
1020
1021
1023
1024
1029
1031
1032
1035
1036
1039
1041
1043
1047
1048
1049
1052
1053
1056
1057
1059
1060
1062
1067
1069
1070
1078
1080
1081
1082
1084
1087
1090
1091
1092
1093
1094
1099
1100
1103
1104
1105
1107
1108
1109
1111
1115
1116
1117
1118
1119
1120
1123
1125
1126
1128
1129
1134
1135
1136
1139
1141
1146
1147
1148
1150
1152
1155
1156
1157
1161
1167
1168
1169
1170
1171
1173
1174
1175
1176
1177
1178
1179
1180
1181
1183
1185
1186
1188
1189
1191
1192
1197
1198
1199
1200
1201
1202
1204
1205
1206
1207
1208
1209
1210
1213
1214
1215
1216
1217
1218
1219
1220
1221
1222
1224
1225
1226
1227
1228
1231
1237
1240
1243
1245
1248
1251
1252
1254
1255
1258
1260
1261
1262
1263
1266
1268
1272
1273
1274
1276
1277
1282
1284
1285
1288
1291
1298
1299
1300
1303
1304
1305
1306
1309
1310
1311
1312
1314
1316
1317
1318
1319
1322
1323
1324
1326
1327
1328
1332
1334
1336
1340
1346
1347
1348
1349
1350
1354
1355
1356
1365
1366
1370
1371
1374
1375
1376
1379
1380
1381
1382
1384
1385
1388
1389
1390
1391
1392
1393
1394
1395
1396
1398
1399
1401
1402
1403
1404
1405
1406
1407
1408
1409
1410
1411
1413
1414
1415
1416
1418
1423
1425
1426
1427
1428
1429
1432
1433
1434
1439
1440
1441
1442
1443
1446
1447
1448
1451
1452
1454
1456
1457
1458
1459
1461
1462
1463
1464
1466
1469
1470
1473
1474
1475
1476
1477
1480
1483
1484
1485
1487
1488
1489
1490
1491
1492
1493
1494
1495
1496
1497
1498
1499
1500
1501
1502
1503
1504
1505
1506
1507
1509
1510
1511
1512
1513
1514
1515
1516
1517
1518
1519
1520
1521
1523
1524
1525
1526
1527
1528
1530
1532
1533
1535
1536
1537
1539
1541
1543
1544
1546
1547
1548
1549
1550
1551
1552
1553
1554
1555
1556
1557
1558
1559
1560
1561
1562
1563
1564
1565
1566
1567
1568
1569
1570
1571
1575
1576
1579
1580
1581
1583
1586
1589
1590
1591
1592
1596
1597
1598
1599
1600
1602
1603
1604
1605
1606
1607
1608
1609
1610
1611
1612
1613
1614
1615
1616
1617
1618
1619
1620
1621
1622
1625
1626
1627
1628
1629
1630
1631
1632
1633
1634
1635
1636
1638
1642
1643
1644
1645
1646
1647
1648
1649
1651
1652
1653
1654
1655
1656
1657
1658
1659
1660
1662
1665
1666
1667
1668
1669
1670
1671
1673
1674
1675
1676
1678
1679
1680
1681
1682
1686
1689
1691
1692
1693
1694
1695
1697
1698
1699
1700
1702
1703
1704
1705
1709
1710
1711
1712
1713
1715
1716
1717
1718
1720
1721
1722
1723
1724
1725
1726
1727
1728
1729
1730
1731
1732
1733
1734
1735
1736
1737
1738
1739
1740
1741
1742
1743
1744
1746
1747
1748
1749
1750
1751
1752
1753
1754
1755
1756
1757
1758
1760
1761
1762
1763
1765
1766
1767
1768
1769
1771
1772
1773
1774
1777
1780
1781
1782
1783
1784
1785
1786
1788
1789
1793
1794
1795
1796
1797
1798
1799
1800
1801
1802
1803
1804
1805
1806
1808
1809
1810
1811
1812
1813
1814
1816
1817
1818
1819
1821
1822
1823
1824
1825
1826
1827
1828
1830
1831
1833
1835
1836
1837
1838
1839
1840
1841
1842
1843
1844
1845
1846
1849
1850
1851
1853
1854
1855
1856
1858
1859
1860
1861
1862
1863
1864
1865
1866
1867
1870
1871
1872
1873
1874
1877
1879
1880
1881
1882
1883
1884
1885
1888
1889
1890
1891
1892
1893
1894
1895
1896
1897
1898
1900
1901
1904
1905
1906
1907
1908
1909
1912
1913
1914
1915
1916
1917
1919
1920
1921
1922
1923
1924
1925
1927
1928
1930
1932
1933
1935
1936
1937
1938
1939
1941
1942
1943
1944
1945
1947
1948
1949
1950
1951
1952
1953
1954
1955
1956
1957
1958
1959
1960
1961
1962
1963
1964
1965
1967
1968
1969
1971
1975
1976
1977
1979
1980
1981
1982
1983
1984
1985
1987
1991
1992
1994
1995
1997
1998
2000
2001
2002
2005
2006
2008
2009
2010
2011
2012
2013
2014
2015
2016
2017
2018
2019
2020
2021
2022
2023
2025
2026
2027
2028
2029
2030
2032
2033
2034
2035
2036
2037
2038
2041
2042
2043
2044
2047
2048
2049
2050
2051
2052
2053
2054
2055
2056
2058
2060
2061
2062
2063
2064
2065
2066
2072
2073
2075
2076
2079
2080
2081
2082
2083
2084
2085
2086
2087
2088
2089
2090
2093
2094
2096
2097
2099
2100
2101
2102
2103
2106
2107
2108
2110
2111
2112
2113
2114
2115
2117
2118
2119
2120
2121
2122
2123
2124
2125
2126
2127
2128
2131
2132
2133
2134
2135
2136
2137
2138
2139
2140
2141
2142
2143
2144
2145
2146
2147
2148
2149
2150
2151
2152
2153
2154
2155
2156
2157
2158
2159
2160
2161
2162
2163
2164
2165
2166
2167
2168
2169
2170
2171
2172
2173
2174
2175
2176
2177
2178
2179
2180
2181
2182
2183
2184
2185
2187
2188
2189
2190
2191
2192
2193
2194
2197
2198
2199
2200
2201
2202
2203
2205
2206
2208
2209
2210
2213
2216
2217
2218
2219
2220
2221
2223
2225
2226
2227
2228
2229
2230
2231
2233
2234
2235
2236
2237
2238
2239
2240
2241
2242
2243
2244
2245
2246
2248
2249
2250
2251
2252
2253
2254
2255
2256
2257
2258
2260
2261
2262
2263
2265
2266
2267
2268
2269
2270
2271
2275
2278
2279
2281
2282
2283
2284
2285
2286
2287
2288
2289
2290
2291
2294
2295
2296
2297
2298
2299
2300
2301
2302
2303
2304
2305
2306
2307
2308
2309
2310
2311
2312
2313
2314
2315
2317
2318
2319
2320
2323
2324
2325
2326
2327
2328
2329
2331
2332
2333
2336
2337
2338
2342
2343
2344
2345
2346
2347
2349
2350
2351
2352
2353
2354
2355
2356
2358
2359
2362
2368
2369
2371
2372
2373
2374
2375
2379
2381
2382
2383
2384
2385
2386
2387
2389
2390
2391
2395
2396
2397
2398
2399
2400
2401
2402
2403
2404
2405
2406
2407
2408
2409
2410
2411
2412
2413
2414
2415
2416
2417
2419
2420
2422
2423
2425
2427
2428
2429
2431
2432
2433
2434
2435
2437
2438
2440
2441
2442
2443
2444
2446
2447
2448
2449
2451
2452
2453
2454
2455
2456
2457
2458
2459
2460
2461
2464
2465
2466
2467
2468
2469
2470
2471
2472
2474
2475
2476
2477
2478
2479
2480
2481
2482
2483
2484
2485
2486
2488
2489
2491
2492
2493
2494
2495
2498
2501
2502
2503
2504
2505
2506
2507
2508
2509
2510
2511
2512
2516
2517
2518
2519
2520
2522
2523
2524
2525
2526
2527
2528
2529
2531
2532
2534
2535
2536
2537
2538
2539
2541
2542
2544
2545
2546
2548
2549
2552
2553
2554
2555
2559
2560
2561
2562
2563
2564
2566
2567
2569
2570
2571
2572
2573
2574
2575
2576
2577
2578
2579
2580
2581
2582
2583
2584
2585
2587
2588
2589
2590
2592
2593
2594
2595
2596
2597
2599
2600
2601
2602
2603
2604
2605
2606
2607
2608
2609
2610
2611
2612
2613
2614
2615
2616
2617
2618
2619
2620
2621
2622
2623
2624
2625
2626
2627
2628
2629
2630
2631
2632
2633
2634
2635
2636
2637
2638
2639
2640
2641
2642
2643
2644
2645
2648
2649
2654
2655
2659
2660
2661
2664
2665
2666
2667
2668
2669
2670
2671
2672
2673
2674
2675
2676
2677
2678
2679
2680
2681
2682
2683
2685
2686
2687
2688
2689
2690
2691
2692
2693
2694
2696
2697
2698
2699
2700
2701
2702
2703
2704
2705
2706
2707
2708
2709
2710
2711
2712
2713
2714
2717
2718
2719
2720
2722
2723
2724
2725
2726
2727
2731
2732
2733
2734
2735
2736
2737
2739
2740
2741
2743
2744
2745
2746
2748
2750
2752
2754
2755
2757
2758
2761
2762
2763
2764
2765
2766
2767
2768
2769
2770
2771
2772
2773
2776
2778
2779
2781
2783
2786
2787
2789
2790
2791
2792
2793
2794
2795
2796
2797
2798
2803
2804
2805
2806
2807
2808
2809
2810
2811
2812
2814
2815
2816
2817
2818
2819
2820
2821
2823
2824
2826
2827
2828
2829
2831
2832
2833
2834
2835
2836
2839
2840
2841
2842
2843
2844
2845
2847
2848
2849
2850
2851
2854
2855
2856
2857
2859
2860
2862
2864
2865
2866
2867
2869
2870
2872
2873
2874
2875
2876
2877
2878
2880
2881
2882
2883
2885
2887
2890
2891
2892
2893
2894
2895
2896
2897
2899
2900
2901
2902
2903
2904
2905
2906
2907
2908
2909
2910
2911
2913
2914
2915
2916
2917
2918
2919
2921
2922
2925
2926
2927
2928
2929
2930
2931
2932
2933
2934
2935
2936
2938
2939
2940
2942
2943
2944
2945
2946
2947
2948
2949
2950
2951
2952
2953
2955
2957
2959
2963
2964
2965
2966
2967
2968
2969
2970
2971
2972
2973
2974
2975
2976
2977
2978
2980
2981
2982
2983
2984
2985
2986
2987
2988
2989
2990
2991
2992
2993
2995
2996
2999
3000
3001
3002
3003
3004
3005
3006
3008
3009
3010
3011
3012
3013
3014
3015
3016
3017
3018
3019
3020
3021
3022
3023
3024
3025
3026
3027
3028
3029
3030
3031
3032
3033
3034
3035
3036
3038
3039
3040
3041
3042
3043
3045
3046
3049
3050
3051
3052
3055
3056
3057
3060
3061
3062
3063
3064
3065
3066
3067
3068
3069
3070
3071
3077
3078
3079
3080
3081
3082
3083
3084
3085
3086
3087
3088
3090
3091
3092
3093
3094
3095
3096
3097
3098
3099
3100
3101
3102
3103
3106
3109
3115
3116
3117
3118
3120
3121
3122
3125
3126
3127
3128
3129
3130
3131
3132
3133
3134
3135
3136
3138
3139
3142
3143
3144
3145
3146
3148
3151
3152
3153
3155
3156
3157
3158
3159
3161
3162
3164
3165
3172
3173
3174
3175
3176
3177
3178
3179
3180
3181
3182
3184
3185
3189
3194
3195
3196
3197
3198
3199
3200
3201
3202
3203
3204
3205
3216
3217
3218
3222
3223
3224
3225
3226
3227
3228
3229
3231
3232
3233
3235
3237
3238
3240
3242
3243
3244
3247
3248
3254
3259
3262
3265
3267
3268
3269
3272
3277
3278
3280
3282
3284
3285
3287
3288
3290
3292
3293
3297
3298
3301
3302
3303
3304
3305
3306
3307
3310
3312
3313
3314
3315
3316
3319
3320
3324
3325
3330
3331
3336
3338
3339
3344
3348
3349
3358
3364
3365
3371
3372
3373
3374
3375
3379
3380
3383
3384
3385
3386
3387
3390
3392
3393
3399
3400
3401
3402
3403
3405
3406
3407
3408
3409
3411
3412
3414
3417
3418
3419
3423
3424
3425
3426
3427
3428
3430
3431
3432
3433
3440
3441
3443
3446
3447
3448
3449
3450
3451
3452
3453
3454
3458
3459
3460
3464
3465
3466
3467
3468
3469
3470
3471
3472
3473
3474
3476
3482
3483
3485
3486
3487
3488
3489
3493
3494
3495
3496
3498
3499
3504
3511
3515
3516
3517
3518
3519
3520
3521
3522
3523
3527
3528
3529
3530
3531
3534
3536
3538
3540
3543
3545
3547
3553
3557
3559
3560
3563
3564
3565
3570
3571
3573
3574
3575
3576
3579
3580
3581
3582
3583
3584
3585
3586
3588
3591
3592
3594
3595
3601
3602
3603
3605
3606
3607
3611
3612
3613
3615
3616
3617
3618
3619
3620
3621
3623
3624
3625
3626
3627
3628
3629
3630
3631
3632
