3
4
5
8
9
10
14
18
19
20
21
23
24
25
26
33
34
40
41
56
57
58
69
70
71
72
91
93
94
98
101
102
104
105
114
116
117
119
121
122
123
125
126
127
128
130
144
145
146
150
151
152
154
195
196
218
263
265
266
273
274
275
278
311
312
314
315
320
321
327
328
329
330
331
333
334
336
337
338
340
341
344
358
359
360
361
363
364
368
370
392
394
396
437
451
452
454
459
460
463
464
466
472
473
475
477
498
499
500
502
503
523
525
537
538
539
547
548
550
551
552
555
556
557
559
561
562
564
565
566
567
572
573
574
576
578
579
580
582
583
588
589
590
592
593
594
607
609
610
611
612
618
620
621
622
623
624
625
626
627
628
629
632
634
636
637
648
649
652
654
655
659
661
663
696
698
699
700
702
706
707
711
745
746
747
768
769
770
774
777
778
779
780
781
782
789
796
797
799
800
805
806
812
818
819
820
823
825
827
848
852
854
855
858
860
865
879
895
901
902
915
916
918
919
920
928
948
950
952
953
955
956
958
960
961
963
967
968
973
987
988
1007
1014
1016
1017
1018
1046
1048
1049
1057
1061
1070
1071
1072
1079
1080
1089
1090
1093
1094
1097
1098
1099
1100
1102
1104
1105
1120
1125
1135
1136
1147
1148
1151
1160
1171
1172
1173
1175
1177
1179
1180
1182
1183
1189
1192
1193
1195
1196
1199
1201
1202
1207
1209
1213
1218
1222
1224
1232
1233
1236
1237
1238
1245
1252
1253
1254
1264
1266
1282
1286
1287
1292
1299
1300
1305
1306
1307
1308
1309
1311
1312
1320
1321
1323
1324
1329
1334
1335
1336
1346
1347
1352
1362
1377
1382
1395
1396
1397
1404
1405
1406
1408
1409
1410
1411
1413
1414
1417
1419
1420
1425
1432
1439
1449
1454
1455
1457
1459
1460
1461
1480
1481
1482
1487
1488
1489
1502
1507
1508
1511
1517
1518
1519
1521
1523
1524
1528
1532
1533
1534
1535
1536
1538
1539
1540
1542
1554
1555
1556
1557
1558
1559
1560
1562
1563
1564
1565
1567
1568
1569
1570
1571
1573
1574
1575
1602
1603
1605
1606
1607
1609
1612
1617
1619
1620
1621
1625
1626
1627
1629
1630
1651
1652
1654
1657
1660
1662
1663
1667
1669
1670
1671
1673
1674
1676
1677
1681
1687
1688
1689
1690
1691
1695
1696
1697
1704
1714
1720
1722
1733
1735
1736
1740
1741
1742
1743
1747
1748
1749
1750
1751
1754
1755
1758
1760
1761
1762
1765
1766
1767
1776
1777
1783
1784
1786
1787
1788
1789
1792
1793
1796
1797
1799
1802
1803
1805
1806
1808
1809
1810
1818
1819
1820
1821
1822
1823
1824
1834
1835
1836
1840
1841
1844
1846
1848
1849
1850
1851
1858
1860
1882
1884
1886
1889
1899
1902
1903
1907
1911
1912
1913
1929
1930
1931
1936
1938
1944
1948
1949
1950
1953
1954
1963
1965
1966
1969
1974
1977
1981
1987
1988
1989
1990
1997
2000
2003
2014
2016
2017
2018
2020
2023
2024
2039
2044
2045
2046
2047
2054
2055
2066
2067
2076
2098
2107
2108
2109
2112
2113
2115
2118
2119
2120
2121
2125
2127
2133
2135
2137
2138
2141
2144
2146
2154
2160
2161
2163
2166
2167
2170
2171
2177
2180
2186
2187
2188
2190
2192
2193
2194
2198
2208
2209
2212
2213
2215
2216
2217
2218
2219
2221
2222
2226
2232
2235
2251
2253
2259
2266
2267
2268
2269
2270
2271
2274
2275
2276
2282
2287
2288
2297
2301
2306
2309
2311
2313
2322
2323
2325
2330
2331
2341
2343
2344
2351
2361
2363
2364
2365
2368
2373
2374
2377
2378
2381
2382
2383
2385
2386
2388
2392
2394
2395
2396
2397
2399
2404
2405
2407
2408
2409
2412
2414
2419
2423
2426
2428
2431
2439
2446
2450
2455
2456
2457
2461
2465
2468
2469
2471
2474
2477
2478
2480
2482
2489
2491
2492
2493
2494
2495
2500
2501
2506
2507
2509
2511
2516
2518
2519
2528
2530
2535
2536
2537
2538
2539
2541
2542
2545
2546
2551
2552
2556
2559
2560
2561
2569
2572
2573
2577
2584
2590
2592
2593
2594
2600
2601
2607
2609
2611
2612
2613
2614
2619
2621
2622
2623
2624
2626
2627
2638
2642
2643
2644
2645
2646
2647
2648
2656
2657
2660
2661
2664
2665
2669
2670
2672
2673
2674
2675
2676
2679
2680
2681
2686
2688
2689
2690
2691
2693
2694
2697
2698
2699
2701
2703
2704
2709
2710
2715
2716
2717
2718
2720
2721
2725
2730
2731
2736
2738
2739
2742
2744
2746
2748
2750
2751
2753
2754
2755
2757
2758
2759
2760
2761
2762
2763
2764
2765
2766
2768
2770
2771
2772
2773
2774
2777
2779
2781
2784
2785
2786
2787
2791
2793
2796
2798
2799
2800
2801
2802
2804
2805
2806
2807
2809
2810
2811
2813
2814
2815
2818
2819
2820
2822
2825
2827
2829
2830
2831
2832
2834
2835
2836
2839
2840
2842
2845
2852
2853
2854
2855
2858
2859
2861
2862
2864
2865
2867
2872
2876
2877
2879
2883
2885
2887
2888
2889
2890
2893
2898
2899
2901
2903
2904
2908
2910
2913
2918
2919
2920
2921
2924
2925
2926
2927
2928
2929
2930
2931
2932
2933
2934
2935
2936
2937
2938
2939
2940
2941
2942
2943
2944
2945
2946
2947
2948
2949
2950
2951
2952
2953
2954
2955
2956
2957
2958
2959
2960
2961
2962
2964
2965
2966
2967
2968
2969
2970
2971
2972
2973
2974
2975
2976
2977
2978
2979
2980
2981
2982
2983
2984
2985
2986
2987
2988
2989
2990
2991
2992
2993
2994
2995
2996
2997
2998
2999
3000
3001
3002
3003
3004
3005
3006
3007
3008
3009
3010
3011
3012
3013
3014
3015
3016
3017
3018
3019
3020
3021
3022
3023
3024
3025
3026
3027
3028
3029
3030
3031
3032
3033
3034
3035
3036
3037
3038
3039
3040
3041
3042
3043
3044
3045
3046
3047
3048
3049
3050
3051
3052
3053
3054
3055
3056
3057
3058
3059
3060
3061
3062
3063
3064
3065
3066
3067
3068
3069
3070
3071
3072
3073
3074
3075
3076
3077
3078
3079
3080
3081
3082
3083
3084
3085
3086
3087
3088
3089
3090
3091
3092
3093
3094
3095
3096
3097
3098
3099
3100
3101
3102
3103
3104
3105
3106
3107
3108
3109
3110
3111
3112
3113
3114
3115
3116
3117
3118
3119
3120
3121
3122
3123
3124
3125
3126
3127
3128
3129
3130
3131
3132
3133
3134
3135
3136
3137
3138
3139
3140
3141
3142
3143
3144
3145
3146
3147
3148
3149
3150
3151
3152
3153
3154
3155
3156
3157
3158
3159
3160
3161
3162
3163
3164
3165
3166
3167
3168
3169
3170
3171
3172
3173
3174
3175
3176
3177
3178
3179
3180
3181
3182
3183
3184
3185
3186
3187
3188
3189
3190
3191
3192
3193
3194
3195
3196
3197
3198
3199
3200
3201
3202
3203
3204
3205
3206
3207
3208
3209
3210
3211
3212
3213
3214
3215
3216
3217
3218
3219
3220
3221
3222
3223
3224
3225
3226
3227
3228
3229
3230
3231
3232
3233
3234
3235
3236
3237
3238
3239
3240
3241
3242
3243
3244
3245
3246
3247
3248
3249
3250
3251
3252
3253
3254
3255
3256
3257
3258
3259
3260
3261
3262
3263
3264
3265
3266
3267
3268
3269
3270
3271
3272
3273
3274
3275
3276
3277
3278
3279
3280
3281
3282
3283
3284
3285
3286
3287
3288
3289
3290
3291
3292
3293
3294
3295
3296
3297
3298
3299
3300
3301
3302
3303
3304
3305
3306
3307
3308
3309
3310
3311
3312
3313
3314
3315
3316
3317
3318
3319
3320
3321
3322
3323
3324
3325
3326
3327
3328
3329
3330
3331
3332
3333
3334
3335
3336
3337
3338
3339
3340
3341
3342
3343
3344
3345
3346
3347
3348
3349
3350
3351
3352
3353
3354
3355
3356
3357
3358
3359
3360
3361
3362
3363
3364
3365
3366
3367
3368
3369
3370
3371
3372
3373
3374
3375
3376
3377
3378
3379
3380
3381
3382
3383
3384
3385
3386
3387
3388
3389
3390
3391
3392
3393
3394
3395
3396
3397
3398
3399
3400
3401
3402
3403
3404
3405
3406
3407
3408
3409
3410
3411
3412
3413
3414
3415
3416
3417
3418
3419
3420
3421
3422
3423
3424
3425
3426
3427
3428
3429
3430
3431
3432
3433
3434
3435
3436
3437
3438
3439
3440
3441
3442
3443
3444
3445
3446
3447
3448
3449
3450
3451
3452
3453
3454
3455
3456
3457
3458
3459
3460
3461
3462
3463
3464
3465
3466
3467
3468
3469
3470
3471
3472
3473
3474
3475
3476
3477
3478
3479
3480
3481
3482
3483
3484
3485
3486
3487
3488
3489
3490
3491
3492
3493
3494
3495
3496
3497
3498
3499
3500
3501
3502
3503
3504
3505
3506
3507
3508
3509
3510
3511
3512
3513
3514
3515
3516
3517
3518
3519
3520
3521
3522
3523
3524
3525
3526
3527
3528
3529
3530
3531
3532
3533
3534
3535
3536
3537
3538
3539
3540
3541
3542
3543
3544
3545
3546
3547
3548
3549
3550
3551
3552
3553
3554
3555
3556
3557
3558
3559
3560
3561
3562
3563
3564
3565
3566
3567
3568
3569
3570
3571
3572
3573
3574
3575
3576
3577
3578
3579
3580
3581
3582
3583
3584
3585
3586
3587
3588
3589
3590
3591
3592
3593
3594
3595
3596
3597
3598
3599
3600
3601
3602
3603
3604
3605
3606
3607
3608
3609
3610
3611
3612
3613
3614
3615
3616
3617
3618
3619
3620
3621
3622
3623
3624
3625
3626
3627
3628
3629
3630
3631
3632
3633
3634
3635
3636
3637
3638
3639
3640
3641
3642
3643
3644
3645
3646
3647
3648
3649
3650
3651
3652
3653
3654
3655
3656
3657
3658
3659
3660
3661
3662
3663
3664
3665
3666
3667
3668
3669
3670
3671
3672
3673
3674
3675
3676
3677
3678
3679
3680
3681
3682
3683
3684
3685
3686
3687
3688
3689
3690
3691
3692
3693
3694
3695
3696
3697
3698
3699
3700
3701
3702
3703
3704
3705
3706
3707
3708
3709
3710
3711
3712
3713
3714
3715
3716
3717
3718
3719
3720
3721
3722
3723
3724
3725
3726
3727
3728
3729
3730
3731
3732
3733
3734
3735
3736
3737
3738
3739
3740
3741
3742
3743
3744
3745
3746
3747
3748
3749
3750
3751
3752
3753
3754
3755
3756
3757
3758
3759
3760
3761
3762
3763
3764
3765
3766
3767
3768
3769
3770
3771
3772
3773
3774
3775
3776
3777
3778
3779
3780
3781
3782
3783
3784
3785
3786
3788
3789
3790
3791
3792
3793
3794
3795
3796
3797
3798
3799
3800
3801
3802
3803
3804
3805
3806
3807
3808
3809
3810
3811
3812
3813
3814
3815
3816
3817
3818
3819
3820
3821
3822
3823
3824
3825
3826
3827
3828
3829
3830
3831
3832
3833
3834
3835
3836
3837
3838
3839
3840
3841
3842
3843
3844
3845
3846
3847
3848
3849
3850
3851
3852
3853
3854
3855
3856
3857
3858
3859
3860
3861
3862
3863
3864
3865
3866
3867
3868
3869
3870
3871
3872
3873
3874
3875
3876
3877
3878
3879
3880
3881
3882
3883
3885
3886
3887
3888
3889
3890
3891
3892
3893
3894
3895
3896
3897
3898
3899
3900
3901
3902
3903
3904
3905
3906
3907
3908
3909
3910
3911
3912
3913
3914
3915
3916
3917
3918
3919
3920
3921
3922
3923
3924
3925
3926
3927
3928
3929
3930
3931
3932
3933
3934
3935
3936
3937
3938
3939
3940
3941
3942
3943
3944
3945
3946
3947
3948
3949
3950
3951
3952
3953
3954
3955
3956
3957
3958
3959
3960
3961
3962
3963
3964
3965
3966
3967
3968
3969
3970
3971
3972
3973
3974
3975
3976
3977
3978
3979
3980
3981
3982
3983
3984
3985
3986
3987
3988
3989
3990
3991
3992
3993
3994
3995
3996
3997
3998
3999
4000
4002
4003
4004
4005
4006
4007
4008
4009
4010
4011
4012
4013
4014
4015
4016
4017
4018
4019
4020
4021
4022
4023
4024
4025
4026
4027
4028
4029
4030
4031
4032
4033
4034
4035
4036
4037
4038
4039
4040
4041
4042
4043
4044
4045
4046
4047
4048
4049
4050
4051
4052
4053
4054
4055
4056
4057
4059
4060
4061
4062
4063
4064
4065
4066
4067
4068
4069
4070
4071
4072
4073
4074
4075
4076
4077
4078
4079
4080
4081
4082
4083
4084
4085
4086
4087
4088
4089
4090
4091
4092
4093
4094
4095
4096
4097
4098
4099
4100
4101
4102
4103
4104
4105
4106
4107
4108
4109
4110
4111
4112
4113
4114
4115
4116
4117
4118
4119
4120
4121
4122
4123
4124
4125
4126
4127
4128
4129
4130
4131
4132
4133
4134
4135
4136
4137
4138
4139
4140
4141
4142
4143
4144
4145
4146
4147
4148
4149
4150
4151
4152
4153
4154
4155
4156
4157
4158
4159
4160
4161
4162
4163
4164
4165
4166
4167
4168
4169
4170
4171
4172
4173
4174
4175
4176
4177
4178
4179
4180
4181
4182
4183
4184
4185
4186
4187
4188
4189
4190
4191
4192
4193
4194
4195
4196
4197
4198
4199
4200
4201
4202
4203
4204
4205
4206
4207
4208
4209
4210
4211
4212
4213
4214
4215
4216
4217
4218
4219
4220
4221
4222
4223
4224
4225
4226
4227
4228
4229
4230
4231
4232
4233
4234
4235
4236
4237
4238
4239
4240
4241
4242
4243
4244
4245
4246
4247
4248
4249
4250
4251
4252
4253
4254
4255
4256
4257
4258
4259
4260
4261
4262
4263
4264
4265
4266
4267
4268
4269
4270
4271
4272
4273
4274
4275
4276
4277
4278
4279
4280
4281
4282
4283
4284
4285
4286
4287
4288
4289
4290
4291
4292
4293
4294
4295
4296
4297
4298
4299
4300
4301
4302
4303
4304
4305
4306
4307
4308
4309
4310
4311
4312
4313
4314
4315
4316
4317
4318
4319
4320
4321
4322
4323
4324
4325
4326
4327
4328
4329
4330
4331
4332
4333
4334
4335
4336
4337
4338
4339
4340
4341
4342
4343
4344
4345
4346
4347
4348
4349
4350
4351
4352
4353
4354
4355
4356
4357
4358
4359
4360
4361
4362
4363
4364
4365
4366
4367
4368
4369
4370
4371
4372
4373
4374
4375
4376
4377
4378
4379
4380
4381
4382
4383
4384
4385
4386
4387
4388
4389
4390
4391
4392
4393
4394
4395
4396
4397
4398
4399
4400
4401
4402
4403
4404
4405
4406
4407
4408
4409
4410
4411
4412
4413
4414
4415
4416
4417
4418
4419
4420
4421
4422
4423
4424
4425
4426
4427
4428
4429
4430
4431
4432
4433
4434
4435
4436
4437
4438
4439
4440
4441
4442
4443
4444
4445
4446
4447
4448
4449
4450
4451
4452
4453
4454
4455
4456
4457
4458
4459
4460
4461
4462
4463
4464
4465
4466
4467
4468
4469
4470
4471
4472
4473
4474
4475
4476
4477
4478
4479
4480
4481
4482
4483
4484
4485
4486
4487
4488
4489
4490
4491
4492
4493
4494
4495
4496
4497
4498
4499
4500
4501
4502
4503
4504
4505
4506
4507
4508
4509
4510
4511
4512
4513
4514
4515
4516
4517
4518
4519
4520
4521
4522
4523
4524
4526
4527
4528
4529
4530
4531
4532
4533
4534
4535
4536
4537
4538
4539
4540
4541
4542
4543
4544
4545
4546
4547
4549
4550
4551
4552
4553
4554
4555
4556
4557
4558
4560
4561
4562
4563
4564
4565
4566
4567
4568
4569
4570
4571
4572
4573
4574
4575
4577
4578
4579
4580
4581
4582
4583
4584
4585
4586
4587
4588
4589
4590
4591
4592
4593
4594
4595
4596
4597
4598
4599
4600
4601
4602
4603
4604
4605
4606
4607
4608
4609
4610
4611
4614
4615
4616
4618
4619
4620
4621
4622
4623
4624
4625
4626
4627
4628
4629
4630
4631
4632
4633
4634
4635
4636
4637
4639
4640
4641
4646
4647
4648
4649
4650
4651
4652
4653
4654
4655
4656
4657
4658
4659
4660
4661
4662
4663
4664
4665
4666
4667
4668
4669
4670
4671
4672
4673
4674
4675
4676
4677
4678
4679
4680
4681
4682
4683
4684
4685
4686
4687
4688
4691
4692
4693
4694
4695
4696
4697
4698
4699
4700
4701
4702
4703
4704
4705
4706
4707
4708
4709
4710
4711
4712
4713
4714
4715
4716
4717
4718
4719
4720
4721
4722
4723
4726
4727
4729
4730
4731
4732
4735
4736
4737
4738
4739
4740
4741
4742
4743
4744
4745
4746
4747
4748
4749
4750
4751
4752
4753
4754
4755
4756
4757
4759
4760
4761
4762
4763
4764
4765
4766
4767
4768
4769
4770
4771
4772
4773
4774
4775
4776
4777
4778
4779
4780
4781
4782
4783
4784
4785
4786
4787
4788
4789
4790
4791
4792
4793
4794
4795
4796
4797
4798
4799
4800
4801
4802
4803
4804
4805
4806
4807
4808
4809
4810
4811
4814
4815
4816
4817
4818
4819
4820
4822
4823
4824
4825
4826
4827
4828
4829
4830
4831
4832
4833
4834
4836
4837
4838
4839
4840
4841
4842
4843
4844
4845
4846
4848
4849
4850
4851
4852
4853
4854
4856
4857
4858
4859
4861
4862
4863
4864
4865
4866
4867
4870
4872
4873
4874
4875
4876
4877
4878
4882
4885
4886
4887
4888
4889
4892
4893
4894
4895
4896
4897
4898
4899
4900
4901
4902
4906
4907
4908
4909
4910
4911
4912
4920
4921
4922
4925
4926
4927
4928
4929
4930
4931
4932
4933
4934
4935
4936
4937
4938
4940
4941
4942
4943
4944
4945
4946
4947
4948
4950
4951
4952
4955
4956
4957
4959
4960
4962
4963
4964
4965
4966
4967
4968
4969
4970
4971
4972
4973
4974
4975
4976
4977
4978
4981
4982
4983
4984
4986
4987
4988
4989
4990
4991
4992
4993
4994
4995
4996
4997
4998
4999
5000
5001
5002
5003
5004
5005
5006
5007
5008
5009
5010
5014
5015
5016
5017
5018
5019
5020
5021
5022
5023
5024
5025
5026
5027
5028
5029
5030
5031
5032
5033
5035
5036
5037
5038
5039
5040
5041
5042
5043
5044
5045
5046
5047
5048
5049
5050
5051
5052
5054
5055
5056
5057
5060
5061
5062
5063
5064
5065
5066
5067
5070
5071
5072
5077
5078
5079
5080
5081
5082
5083
5084
5085
5086
5087
5088
5089
5090
5091
5092
5093
5094
5095
5096
5097
5098
5099
5100
5101
5102
5104
5105
5108
5109
5110
5111
5112
5113
5114
5115
5116
5117
5119
5120
5121
5122
5123
5124
5125
5127
5128
5130
5131
5132
5133
5134
5136
5137
5138
5139
5140
5141
5142
5143
5145
5146
5147
5148
5149
5150
5151
5152
5153
5154
5155
5156
5157
5158
5159
5160
5161
5162
5163
5164
5165
5166
5167
5168
5169
5170
5171
5172
5173
5174
5175
5176
5177
5178
5179
5181
5182
5184
5185
5186
5187
5188
5189
5190
5192
5193
5194
5195
5196
5197
5198
5199
5200
5201
5202
5203
5206
5207
5208
5209
5211
5212
5213
5214
5215
5216
5217
5218
5219
5220
5225
5226
5227
5229
5230
5231
5232
5233
5234
5235
5239
5241
5242
5245
5248
5249
5250
5252
5253
5254
5255
5256
5257
5258
5259
5260
5261
5262
5264
5265
5268
5269
5270
5271
5272
5273
5274
5275
5276
5279
5280
5282
5284
5285
5286
5287
5288
5289
5290
5291
5292
5293
5294
5295
5296
5297
5298
5300
5301
5302
5303
5304
5305
5306
5307
5308
5309
5310
5311
5312
5313
5314
5315
5316
5317
5322
5323
5325
5326
5327
5328
5329
5330
5332
5333
5334
5335
5336
5337
5338
5339
5340
5341
5342
5343
5344
5345
5349
5354
5355
5356
5357
5358
5359
5360
5361
5362
5363
5364
5365
5366
5367
5370
5371
5373
5376
5377
5378
5379
5380
5381
5383
5385
5386
5387
5388
5389
5390
5393
5394
5395
5396
5400
5401
5404
5405
5406
5407
5408
5409
5410
5411
5412
5413
5414
5415
5416
5417
5418
5421
5422
5423
5426
5427
5428
5429
5430
5431
5432
5433
5434
5435
5436
5438
5439
5440
5441
5442
5444
5445
5446
5451
5454
5455
5458
5461
5462
5463
5464
5469
5473
5474
5475
5476
5477
5482
5492
5501
5509
5511
5521
5535
5547
5567
5569
5571
5572
5573
5575
5576
5578
5592
5594
5598
5599
5600
5601
5608
5609
5611
5612
5613
5614
5615
5616
5617
5618
5620
5621
5624
5639
5640
5644
5645
5655
5659
5660
5661
5668
5671
5673
5675
5676
5679
5681
5683
5687
5688
5690
5694
5698
5699
5702
5708
5716
5732
5746
5748
5752
5761
5764
5768
5772
5773
5786
5789
5793
5798
5811
5820
5823
5827
5829
5830
5831
5837
5838
5840
5849
5854
5863
5874
5879
5880
5881
5887
5889
5897
5901
5925
5927
5929
5941
5944
5952
5955
5964
5974
5978
5981
5995
5998
6009
6011
6015
6019
6022
6024
6025
6026
6029
6032
6039
6041
6069
6079
6083
6088
6089
6094
6097
6099
6106
6119
6127
6133
6142
6144
6164
6167
6171
6181
6184
6186
6190
6199
6202
6229
6230
6231
6233
6238
6244
6252
6256
6259
6260
6261
6263
6264
6265
6266
6267
6268
6269
6270
6271
6275
6277
6278
6279
6280
6283
6289
6294
6295
6296
6302
6304
6306
6308
6309
6311
6312
6313
6314
6316
6319
6323
6324
6325
6327
6329
6330
6332
6334
6337
6338
6340
6341
6342
6344
6345
6346
6348
6349
6350
6352
6353
6355
6356
6357
6360
6361
6365
6366
6367
6368
6369
6372
6373
6374
6379
6381
6385
6394
6401
6413
6425
6426
6427
6429
6434
6435
6439
6440
6443
6444
6449
6450
6451
6454
6455
6460
6461
6462
6463
6464
6465
6466
6467
6468
6469
6470
6471
6472
6473
6474
6475
6476
6477
6478
6479
6480
6481
6482
6483
6484
6485
6486
6487
6488
6489
6490
6491
6492
6493
6494
6495
6496
6497
6498
6499
6500
6501
6502
6503
6504
6505
6506
6507
6508
6509
6510
6511
6512
6513
6514
6515
6516
6517
6518
6519
6520
6521
6522
6523
6524
6525
6526
6527
6528
6529
6530
6531
6532
6533
6534
6535
6536
6537
6538
6539
6540
6541
6542
6543
6549
6552
6554
6556
6558
6560
6566
6569
6570
6584
6595
6598
6607
